%% MATPOWER Case Format : Version 2
function mpc = pglib_opf_case118_ieee
mpc.version = '2';

%%-----  Power Flow Data  -----%%
%% system MVA base
mpc.baseMVA = 100.0;
%% bus data
%    bus_i    type    Pd    Qd    Gs    Bs    area    Vm    Va    baseKV    zone    Vmax    Vmin
mpc.bus = [
	1	2	41.56338070297032	37.2273094876142	0.0	0.0	1	1.0425159031358533	-67.07577384379411	138.0	1	1.06	0.94				
	2	1	27.126365509059468	17.280953730906667	0.0	0.0	1	1.0379821835932115	-66.70951435476476	138.0	1	1.06	0.94				
	3	1	56.02193355169203	21.825918094867887	0.0	0.0	1	1.0404574506519653	-66.14475378554229	138.0	1	1.06	0.94				
	4	2	40.00008712332065	7.91486123267591	0.0	0.0	1	1.06	-61.744303252680545	138.0	1	1.06	0.94				
	5	1	0.0	0.0	0.0	-40.0	1	1.0621169419919116	-61.24287654235203	138.0	1	1.06	0.94				
	6	2	42.51971678045655	34.06779318575141	0.0	0.0	1	1.0554517007636914	-64.2596800808596	138.0	1	1.06	0.94				
	7	1	18.092765244198837	15.301608441138272	0.0	0.0	1	1.050894258114959	-64.922994360863	138.0	1	1.06	0.94				
	8	2	15.999499622625066	15.999748723700549	0.0	0.0	1	1.06	-55.62865979774497	345.0	1	1.06	0.94				
	9	1	0.0	0.0	0.0	0.0	1	1.069756926084309	-47.94789315178076	345.0	1	1.06	0.94				
	10	2	0.0	0.0	0.0	0.0	1	1.06	-39.656001338864506	345.0	1	1.06	0.94				
	11	1	43.46390727448172	6.319620635010444	0.0	0.0	1	1.0486332010930748	-64.76886038608988	138.0	1	1.06	0.94				
	12	2	102.09843265675156	14.011679585890075	0.0	0.0	1	1.0491743679007828	-65.75409467047729	138.0	1	1.06	0.94				
	13	1	57.121643410151044	13.006077819235392	0.0	0.0	1	1.0358393164215125	-66.56994852729547	138.0	1	1.06	0.94				
	14	1	64.26744951675633	20.8092284314663	0.0	0.0	1	1.03220165542817	-67.32368671702395	138.0	1	1.06	0.94				
	15	2	47.132179659942494	47.13292936121943	0.0	0.0	1	1.0563585219866192	-65.57297411372033	138.0	1	1.06	0.94				
	16	1	36.0500906704642	16.905728505061425	0.0	0.0	1	1.0411918835768705	-66.13946905775576	138.0	1	1.06	0.94				
	17	1	57.78136956005741	43.94128310362961	0.0	0.0	1	1.0634337409211334	-63.912238558337926	138.0	1	1.06	0.94				
	18	2	63.82881616334123	6.168532013679091	0.0	0.0	1	1.059978048925912	-66.0661799547896	138.0	1	1.06	0.94				
	19	2	44.50494641670645	5.022243390075912	0.0	0.0	1	1.0518917327133717	-66.41007430504678	138.0	1	1.06	0.94				
	20	1	73.1184343866438	42.44244070338213	0.0	0.0	1	0.9748467428952263	-70.6962968981889	138.0	1	1.06	0.94				
	21	1	23.935601419863772	0.0	0.0	0.0	1	0.9696265276661078	-70.74776790191328	138.0	1	1.06	0.94				
	22	1	73.96171040795164	22.790914161178478	0.0	0.0	1	0.9669330324085786	-69.36035429248327	138.0	1	1.06	0.94				
	23	1	85.49108704221571	38.356720859823504	0.0	0.0	1	1.033020854752345	-60.83662694618567	138.0	1	1.06	0.94				
	24	2	69.45589531420549	45.55930579568484	0.0	0.0	1	1.06	-56.75841535588009	138.0	1	1.06	0.94				
	25	2	0.0	0.0	0.0	0.0	1	1.0599999972010363	-56.896584477504156	138.0	1	1.06	0.94				
	26	2	0.0	0.0	0.0	0.0	1	1.06	-53.20747634746315	345.0	1	1.06	0.94				
	27	2	23.029071987732593	23.029242415294227	0.0	0.0	1	1.052097974040728	-65.34642852728757	138.0	1	1.06	0.94				
	28	1	29.9263821144096	25.642464675750805	0.0	0.0	1	1.033265632570261	-66.54299143353884	138.0	1	1.06	0.94				
	29	1	20.20905893878569	19.430328895840976	0.0	0.0	1	1.0400473111592752	-66.64484184514438	138.0	1	1.06	0.94				
	30	1	0.0	0.0	0.0	0.0	1	1.0338902725626609	-57.06930188643243	345.0	1	1.06	0.94				
	31	2	23.07021906390384	23.07061088694215	0.0	0.0	1	1.0501616081368808	-66.43914159968108	138.0	1	1.06	0.94				
	32	2	47.8032482327627	2.2120585551540337	0.0	0.0	1	1.0498084860481045	-65.7551721049846	138.0	1	1.06	0.94				
	33	1	25.64078636080171	22.175928351489713	0.0	0.0	1	1.0360423764942226	-62.023580135587764	138.0	1	1.06	0.94				
	34	2	64.361358034607	18.438163647482092	0.0	14.000000000000002	1	1.06	-57.37217572695479	138.0	1	1.06	0.94				
	35	1	21.98598359419063	12.528357358797507	0.0	0.0	1	1.0577831326271026	-57.4141992789403	138.0	1	1.06	0.94				
	36	2	20.092333075602294	19.980592524386896	0.0	0.0	1	1.0599999982116177	-57.50305324263706	138.0	1	1.06	0.94				
	37	1	0.0	0.0	0.0	-25.0	1	1.054892133333076	-56.482674834547204	138.0	1	1.06	0.94				
	38	1	0.0	0.0	0.0	0.0	1	0.9929533869239466	-50.59053569163107	345.0	1	1.06	0.94				
	39	1	40.829101078931856	40.196517084633776	0.0	0.0	1	0.9881213537220881	-57.09817975839545	138.0	1	1.06	0.94				
	40	2	74.47798534446588	27.586374839926147	0.0	0.0	1	0.9810351636141099	-56.427969638417224	138.0	1	1.06	0.94				
	41	1	52.39308046808661	19.031015011731327	0.0	0.0	1	0.9558063287219568	-55.398970326899004	138.0	1	1.06	0.94				
	42	2	39.48205184512881	39.48276471543808	0.0	0.0	1	0.9400002880717472	-48.30732779929289	138.0	1	1.06	0.94				
	43	1	70.54302818781002	28.246988163853253	0.0	0.0	1	0.9664775531660204	-57.65429468285488	138.0	1	1.06	0.94				
	44	1	34.45664702710008	9.546575657695326	0.0	10.0	1	0.9468895434351905	-48.10929432378193	138.0	1	1.06	0.94				
	45	1	83.61872487207457	14.126965759256313	0.0	10.0	1	0.9542993315585941	-42.5537913597306	138.0	1	1.06	0.94				
	46	2	67.15449891487971	28.68042389907788	0.0	10.0	1	1.0177755925255545	-36.76312759427763	138.0	1	1.06	0.94				
	47	1	28.086607593674177	1.0508096611263875	0.0	0.0	1	0.9880491361720574	-28.601366240519653	138.0	1	1.06	0.94				
	48	1	36.46493678736164	25.928119180629512	0.0	15.0	1	0.988955585250096	-32.246600852021494	138.0	1	1.06	0.94				
	49	2	35.66943886487343	17.608279410967288	0.0	0.0	1	0.9943567135031254	-30.000000568984156	138.0	1	1.06	0.94				
	50	1	32.62151121383364	17.255727473156124	0.0	0.0	1	0.9827218642328112	-32.007655407542174	138.0	1	1.06	0.94				
	51	1	64.96801852519812	0.0	0.0	0.0	1	0.9639643628672373	-37.165113137163864	138.0	1	1.06	0.94				
	52	1	60.46512687435172	32.76291859926601	0.0	0.0	1	0.9486346636689565	-38.368141956611936	138.0	1	1.06	0.94				
	53	1	51.90669793764108	7.740985937923751	0.0	0.0	1	0.9913712564846713	-36.45897057087002	138.0	1	1.06	0.94				
	54	2	35.11547886516077	24.906585185018887	0.0	0.0	1	1.0453034367442327	-31.677078846721823	138.0	1	1.06	0.94				
	55	2	31.977369336333357	0.0	0.0	0.0	1	1.0494741267330305	-31.56809065966042	138.0	1	1.06	0.94				
	56	2	32.557045468231784	23.743635125702163	0.0	0.0	1	1.0454849491823317	-31.798451269516903	138.0	1	1.06	0.94				
	57	1	54.31555791671978	18.338047516284668	0.0	0.0	1	0.9993074440932925	-33.42414039239642	138.0	1	1.06	0.94				
	58	1	78.69415031635727	0.0	0.0	0.0	1	0.9862890696811656	-36.674514218233696	138.0	1	1.06	0.94				
	59	2	103.28835673094798	50.59783452720783	0.0	0.0	1	1.06	-23.290126683631296	138.0	1	1.06	0.94				
	60	1	61.932527496844656	47.292219548812206	0.0	0.0	1	1.0544653677248335	-22.807217595098926	138.0	1	1.06	0.94				
	61	2	0.0	0.0	0.0	0.0	1	1.06	-22.1304397761944	138.0	1	1.06	0.94				
	62	2	61.744110258331986	0.0	0.0	0.0	1	1.0589641292273522	-23.91206063659153	138.0	1	1.06	0.94				
	63	1	0.0	0.0	0.0	0.0	1	1.038239986596462	-22.410238338775063	345.0	1	1.06	0.94				
	64	1	0.0	0.0	0.0	0.0	1	1.0484547732938965	-21.974440211811398	345.0	1	1.06	0.94				
	65	2	0.0	0.0	0.0	0.0	1	1.06	-21.13272790263185	345.0	1	1.06	0.94				
	66	2	70.58963538174899	19.838944281193037	0.0	0.0	1	1.06	-25.80148862844889	138.0	1	1.06	0.94				
	67	1	63.52841439862852	7.498398221116065	0.0	0.0	1	1.0493877832931593	-26.67737370364544	138.0	1	1.06	0.94				
	68	1	0.0	0.0	0.0	0.0	1	1.049070358914115	-17.579048534758293	345.0	1	1.06	0.94				
	69	3	0.0	0.0	0.0	0.0	1	1.06	-8.15601644038805e-31	138.0	1	1.06	0.94				
	70	2	35.08306181638667	31.19830596231091	0.0	0.0	1	1.06	-26.75841481953509	138.0	1	1.06	0.94				
	71	1	0.0	0.0	0.0	0.0	1	1.054968026389809	-30.699077807368617	138.0	1	1.06	0.94				
	72	2	49.351841672331766	12.971127599158324	0.0	0.0	1	1.06	-46.20406885016779	138.0	1	1.06	0.94				
	73	2	44.407454886466326	13.418713963554318	0.0	0.0	1	1.06	-31.823944261532823	138.0	1	1.06	0.94				
	74	2	49.887037857788584	41.456346003487965	0.0	12.0	1	1.06	-26.404083632730732	138.0	1	1.06	0.94				
