%% MATPOWER Case Format : Version 2
function mpc = pglib_opf_case118_ieee
mpc.version = '2';

%%-----  Power Flow Data  -----%%
%% system MVA base
mpc.baseMVA = 100.0;
%% bus data
%    bus_i    type    Pd    Qd    Gs    Bs    area    Vm    Va    baseKV    zone    Vmax    Vmin
mpc.bus = [
	1	2	30.434299980726266	28.645974562833043	0.0	0.0	1	1.0421293266700615	-59.93758197069402	138.0	1	1.06	0.94				
	2	1	29.76758830604137	15.477003970122494	0.0	0.0	1	1.037803324821201	-59.47571402015547	138.0	1	1.06	0.94				
	3	1	58.27771934772053	21.020463210936136	0.0	0.0	1	1.0400103021419174	-59.320503823544385	138.0	1	1.06	0.94				
	4	2	44.33234667979307	7.6474667951004935	0.0	0.0	1	1.059999974867565	-55.83197534681084	138.0	1	1.06	0.94				
	5	1	0.0	0.0	0.0	-40.0	1	1.061365504432332	-55.422323386169595	138.0	1	1.06	0.94				
	6	2	43.72732799966326	43.72792981046812	0.0	0.0	1	1.0539160198389466	-57.58000459019484	138.0	1	1.06	0.94				
	7	1	8.38853585235423	7.965133747205232	0.0	0.0	1	1.0508644070205655	-57.919944454356106	138.0	1	1.06	0.94				
	8	2	10.71804911841274	10.718197848486435	0.0	0.0	1	1.0599999896621095	-51.179305403668124	345.0	1	1.06	0.94				
	9	1	0.0	0.0	0.0	0.0	1	1.0797076013189175	-49.527344372965665	345.0	1	1.06	0.94				
	10	2	0.0	0.0	0.0	0.0	1	1.0599997949749496	-47.60322770432662	345.0	1	1.06	0.94				
	11	1	39.35801986875166	7.531678743760086	0.0	0.0	1	1.0476872501248755	-57.77079572613424	138.0	1	1.06	0.94				
	12	2	102.48961776390506	17.11770341756379	0.0	0.0	1	1.048593370174168	-58.35768913726739	138.0	1	1.06	0.94				
	13	1	67.93119474051994	19.519284405907207	0.0	0.0	1	1.0295900614466054	-58.77840304474729	138.0	1	1.06	0.94				
	14	1	61.44701751452523	21.860952242608494	0.0	0.0	1	1.0316676490891303	-58.716926858822404	138.0	1	1.06	0.94				
	15	2	41.61897590025727	41.61968512612022	0.0	0.0	1	1.0585195634671243	-53.97317654385264	138.0	1	1.06	0.94				
	16	1	28.72710408508552	18.458214939651725	0.0	0.0	1	1.0393971898666037	-56.94382882836583	138.0	1	1.06	0.94				
	17	1	48.239850404437824	34.64883709314639	0.0	0.0	1	1.0629247751520656	-51.592871360773074	138.0	1	1.06	0.94				
	18	2	63.96441138506608	16.087001400454323	0.0	0.0	1	1.05999987632749	-53.913345023964695	138.0	1	1.06	0.94				
	19	2	50.01469643764083	9.71446690924772	0.0	0.0	1	1.0540680623419927	-54.43249545770951	138.0	1	1.06	0.94				
	20	1	75.51148747420105	33.050433180242955	0.0	0.0	1	0.9806955914054561	-57.93245955952318	138.0	1	1.06	0.94				
	21	1	30.63316974867501	3.852432186561476	0.0	0.0	1	0.9695209394763263	-57.16549738893597	138.0	1	1.06	0.94				
	22	1	81.76246060280893	15.581967032212148	0.0	0.0	1	0.966200318292939	-54.47924156199497	138.0	1	1.06	0.94				
	23	1	73.84019969573555	39.36503541451599	0.0	0.0	1	1.032538219544217	-43.051260903782435	138.0	1	1.06	0.94				
	24	2	75.87944114754764	49.55265124160215	0.0	0.0	1	1.05999999688488	-41.391295888245246	138.0	1	1.06	0.94				
	25	2	0.0	0.0	0.0	0.0	1	1.059999998294146	-33.77055575780567	138.0	1	1.06	0.94				
	26	2	0.0	0.0	0.0	0.0	1	1.0599999997294594	-30.7304702475685	345.0	1	1.06	0.94				
	27	2	26.37194249096686	26.370403118206475	0.0	0.0	1	1.059999740445861	-47.451933645144145	138.0	1	1.06	0.94				
	28	1	27.811578179146057	27.429225795600164	0.0	0.0	1	1.0401048614038928	-49.30058128227261	138.0	1	1.06	0.94				
	29	1	24.276138738927017	22.143822720597004	0.0	0.0	1	1.046786108883701	-50.277708298329166	138.0	1	1.06	0.94				
	30	1	0.0	0.0	0.0	0.0	1	1.0276169850686852	-45.262540230642244	345.0	1	1.06	0.94				
	31	2	20.177173749565945	20.177519432708408	0.0	0.0	1	1.0577388562462062	-50.32820517384768	138.0	1	1.06	0.94				
	32	2	56.504369138443344	18.900559782049196	0.0	0.0	1	1.0557357952324753	-48.94148554011333	138.0	1	1.06	0.94				
	33	1	27.89521832956182	27.809667413804135	0.0	0.0	1	1.0346180089752064	-49.92785044278401	138.0	1	1.06	0.94				
	34	2	72.09077049615703	14.188433704613349	0.0	14.000000000000002	1	1.06	-44.653012522529885	138.0	1	1.06	0.94				
	35	1	32.899845523968075	7.952276142207918	0.0	0.0	1	1.0587854772985503	-44.861880421733645	138.0	1	1.06	0.94				
	36	2	25.060732082627645	20.403712795907033	0.0	0.0	1	1.059999938879527	-44.91759927977374	138.0	1	1.06	0.94				
	37	1	0.0	0.0	0.0	-25.0	1	1.0597940407286128	-43.79440610043599	138.0	1	1.06	0.94				
	38	1	0.0	0.0	0.0	0.0	1	0.9924733677970364	-38.15763262039407	345.0	1	1.06	0.94				
	39	1	37.63094272658344	37.63151297481896	0.0	0.0	1	1.0389134062008978	-44.01331065422318	138.0	1	1.06	0.94				
	40	2	82.53710599806756	23.383622938184313	0.0	0.0	1	1.0543204337165188	-43.28737243028166	138.0	1	1.06	0.94				
	41	1	50.5351728014461	20.03775841149	0.0	0.0	1	1.0423662556116589	-42.021501338252484	138.0	1	1.06	0.94				
	42	2	46.92810991585329	36.588670451587014	0.0	0.0	1	1.0599999985262858	-35.335493273403316	138.0	1	1.06	0.94				
	43	1	67.78155533947738	15.48938803865246	0.0	0.0	1	0.994976190167941	-44.05333824053075	138.0	1	1.06	0.94				
	44	1	35.401365091358564	7.885940680227062	0.0	10.0	1	0.9832783084144423	-33.67037153156215	138.0	1	1.06	0.94				
	45	1	80.05436848739235	20.698627679689416	0.0	10.0	1	0.9927797882362287	-27.91190441585574	138.0	1	1.06	0.94				
	46	2	71.90019078085437	23.63694654602749	0.0	10.0	1	1.046898952729119	-23.09284160984295	138.0	1	1.06	0.94				
	47	1	33.33923381050424	9.097211425410286	0.0	0.0	1	1.0438640779485993	-16.07467786153991	138.0	1	1.06	0.94				
	48	1	41.62749050828683	21.746613814588137	0.0	15.0	1	1.0483969264807629	-17.688091931178654	138.0	1	1.06	0.94				
	49	2	44.28263939919572	17.383930014914853	0.0	0.0	1	1.06	-15.185464095455261	138.0	1	1.06	0.94				
	50	1	34.58716532496962	13.112282306879205	0.0	0.0	1	1.0345489124205465	-17.21484960732566	138.0	1	1.06	0.94				
	51	1	68.57578994496689	0.0	0.0	0.0	1	0.9977002425022061	-22.113326041712657	138.0	1	1.06	0.94				
	52	1	41.816402105184146	27.44552709303083	0.0	0.0	1	0.9807712362207984	-22.917454770710545	138.0	1	1.06	0.94				
	53	1	57.165989048038455	19.218243962221024	0.0	0.0	1	0.9975759484154173	-21.90545064610726	138.0	1	1.06	0.94				
	54	2	36.66673049981434	24.610429349569102	0.0	0.0	1	1.0469463291677452	-17.578161878165076	138.0	1	1.06	0.94				
	55	2	39.38905088356326	0.0	0.0	0.0	1	1.0474076070636071	-17.350991613418586	138.0	1	1.06	0.94				
	56	2	32.909322747250755	23.20069168994151	0.0	0.0	1	1.045953759190134	-17.567065450512104	138.0	1	1.06	0.94				
	57	1	50.13912045419022	23.08293321388644	0.0	0.0	1	1.0200624824790285	-18.722957624644135	138.0	1	1.06	0.94				
	58	1	85.86340035381428	0.0	0.0	0.0	1	1.0052511544278402	-22.121164472658055	138.0	1	1.06	0.94				
	59	2	105.64638327679279	50.31738490076864	0.0	0.0	1	1.0599999984543267	-8.794874402497689	138.0	1	1.06	0.94				
	60	1	64.35567479231386	43.312494275263184	0.0	0.0	1	1.05434001314803	-7.427255974436099	138.0	1	1.06	0.94				
	61	2	0.0	0.0	0.0	0.0	1	1.0599998800965658	-6.904427141647826	138.0	1	1.06	0.94				
	62	2	44.08267870583904	12.12346006963194	0.0	0.0	1	1.0564917244346455	-7.450422572510713	138.0	1	1.06	0.94				
	63	1	0.0	0.0	0.0	0.0	1	1.0388306291312674	-8.078422746673054	345.0	1	1.06	0.94				
	64	1	0.0	0.0	0.0	0.0	1	1.049201830620062	-7.733493634152357	345.0	1	1.06	0.94				
	65	2	0.0	0.0	0.0	0.0	1	1.06	-8.157632142272108	345.0	1	1.06	0.94				
	66	2	63.92183517473554	38.78718338976387	0.0	0.0	1	1.06	-4.680694336358565	138.0	1	1.06	0.94				
	67	1	69.94142588908608	2.2876912215256873	0.0	0.0	1	1.0499155618446518	-7.931595862614083	138.0	1	1.06	0.94				
	68	1	0.0	0.0	0.0	0.0	1	1.0506027597248808	-9.05053428079846	345.0	1	1.06	0.94				
	69	3	0.0	0.0	0.0	0.0	1	1.06	2.257156260155473e-30	138.0	1	1.06	0.94				
	70	2	38.858289309125105	31.851019673234156	0.0	0.0	1	1.0599999835516882	-21.518938722076467	138.0	1	1.06	0.94				
	71	1	0.0	0.0	0.0	0.0	1	1.0573130606267993	-24.346258176924835	138.0	1	1.06	0.94				
	72	2	46.29276695908523	22.724395571188882	0.0	0.0	1	1.0592402567267205	-35.076714323878	138.0	1	1.06	0.94				
	73	2	36.11289529047906	8.804939260263303	0.0	0.0	1	1.0592100187764597	-25.23653481999689	138.0	1	1.06	0.94				
