%% MATPOWER Case Format : Version 2
function mpc = pglib_opf_case14_ieee
mpc.version = '2';

%%-----  Power Flow Data  -----%%
%% system MVA base
mpc.baseMVA = 100.0;
%% bus data
%    bus_i    type    Pd    Qd    Gs    Bs    area    Vm    Va    baseKV    zone    Vmax    Vmin
mpc.bus = [
	1	3	0.0	0.0	0.0	0.0	1	1.06	1.7613661180375704e-15	1.0	1	1.06	0.94				
	2	2	23.947596038924004	5.051386530567608	0.0	0.0	1	1.0402826607433864	-6.530790915101545	1.0	1	1.06	0.94				
	3	2	41.8736943074228	7.302975661750728	0.0	0.0	1	1.0199012081463261	-12.101079760044197	1.0	1	1.06	0.94				
	4	1	36.46905152407372	3.698058237445757	0.0	0.0	1	0.996459894710459	-12.591395987170854	1.0	1	1.06	0.94				
	5	1	36.41668923902131	3.4203516516037946	0.0	0.0	1	0.9962430024981488	-11.728221470009464	1.0	1	1.06	0.94				
	6	2	52.62549152818801	28.177768471487617	0.0	0.0	1	1.059999957987298	-22.242928302110364	1.0	1	1.06	0.94				
	7	1	0.0	0.0	0.0	0.0	1	1.026535812143522	-17.45720321709867	1.0	1	1.06	0.94				
	8	2	0.0	0.0	0.0	0.0	1	1.0000000003000047	0.0	1.0	1	1.06	0.94				
	9	1	19.869982771662137	0.3682838174084566	0.0	19.0	1	1.0334979294772872	-19.978481974801685	1.0	1	1.06	0.94				
	10	1	27.837986536408366	20.953204121854068	0.0	0.0	1	1.0124274581935837	-21.32551697651991	1.0	1	1.06	0.94				
	11	1	13.695638812777892	5.60184700823935	0.0	0.0	1	1.0244120431661963	-22.344476785659236	1.0	1	1.06	0.94				
	12	1	3.1910670132641856	0.612152744267491	0.0	0.0	1	1.047759979643762	-22.874059379731133	1.0	1	1.06	0.94				
	13	1	20.066131594564446	5.592494417106255	0.0	0.0	1	1.0391927067940685	-22.969014711473417	1.0	1	1.06	0.94				
	14	1	10.504740439299482	0.8648888832867331	0.0	0.0	1	1.0270076472103298	-22.109699141831815	1.0	1	1.06	0.94				
];

%% generator data
%    bus    Pg    Qg    Qmax    Qmin    Vg    mBase    status    Pmax    Pmin    Pc1    Pc2    Qc1min    Qc1max    Qc2min    Qc2max    ramp_agc    ramp_10    ramp_30    ramp_q    apf
mpc.gen = [
	1	305.55357572133585	-9.670155150637708	10.0	0.0	1.06	100.0	1	340.0	0.0															
	2	0.0	57.14152465261171	30.0	-30.0	1.0402826607433864	100.0	1	59.0	0.0															
	3	0.0	18.914163246852212	40.0	0.0	1.0199012081463261	100.0	1	0.0	0.0															
	6	0.0	58.50321340825071	24.0	-6.0	1.059999957987298	100.0	1	0.0	0.0															
	8	0.0	0.0	24.0	-6.0	1.0000000003000047	100.0	1	0.0	0.0															
];

%% branch data
%    f_bus    t_bus    r    x    b    rateA    rateB    rateC    ratio    angle    status    angmin    angmax
mpc.branch = [
	1	2	0.01938	0.05917	0.0528	472.0	472.0	472.0	0	0	1	-29.999999999999996	29.999999999999996	205.45197024387375	-22.842346594071312	-198.1033059100273	39.45562290602073				
	1	5	0.05403	0.22304	0.0492	128.0	128.0	128.0	0	0	1	-29.999999999999996	29.999999999999996	100.10160547746214	13.17219144343362	-95.16105566524844	2.0171722619499075				
	2	3	0.04699	0.19797	0.0438	145.0	145.0	145.0	0	0	1	-29.999999999999996	29.999999999999996	52.221902056409306	-1.5246549832781318	-51.03743801339653	1.8668040700190458				
	2	4	0.05811	0.17632	0.034	158.0	158.0	158.0	0	0	1	-29.999999999999996	29.999999999999996	64.65324140629312	5.993684011411612	-62.375744578555704	-2.610904317145896				
	2	5	0.05695	0.17388	0.0346	161.0	161.0	161.0	0	0	1	-29.999999999999996	29.999999999999996	57.28056555157009	8.165486187889893	-55.50088831691037	-6.3209780023518185				
	3	4	0.06701	0.17103	0.0128	160.0	160.0	160.0	0	0	1	-29.999999999999996	29.999999999999996	9.163743705973708	9.744383515082436	-9.039834548532252	-10.729333184956973				
	4	5	0.01335	0.04211	0.0	664.0	664.0	664.0	0	0	1	-29.999999999999996	29.999999999999996	-32.045681461455985	10.940097013893634	32.19984365520314	-10.453822109122555				
	4	7	0.0	0.20912	0.0	141.0	141.0	141.0	0.978	0.0	1	-29.999999999999996	29.999999999999996	42.42380449985069	-1.9299406985935703	-42.42380449985045	5.562985117717586				
	4	9	0.0	0.55618	0.0	53.0	53.0	53.0	0.969	0.0	1	-29.999999999999996	29.999999999999996	24.568404564619424	0.6320229493568467	-24.56840456461918	2.5447377027896176				
	5	6	0.0	0.25202	0.0	117.0	117.0	117.0	0.932	0.0	1	-29.999999999999996	29.999999999999996	82.0454110879343	11.337276197920433	-82.04541108793408	3.7934343458456934				
	6	11	0.09498	0.1989	0.0	134.0	134.0	134.0	0	0	1	-29.999999999999996	29.999999999999996	8.163253014634497	15.068595274529425	-7.914981848738173	-14.548684399643152				
	6	12	0.12291	0.25581	0.0	104.0	104.0	104.0	0	0	1	-29.999999999999996	29.999999999999996	5.875490442542831	2.2752005886851245	-5.832065091621714	-2.184820318413877				
	6	13	0.06615	0.13027	0.0	200.99999999999997	200.99999999999997	200.99999999999997	0	0	1	-29.999999999999996	29.999999999999996	15.381176102568611	9.188214727702848	-15.192190631200777	-8.816043339115678				
	7	8	0.0	0.17615	0.0	167.0	167.0	167.0	0	0	0	-29.999999999999996	29.999999999999996	0.0	0.0	0.0	0.0				
	7	9	0.0	0.11001	0.0	267.0	267.0	267.0	0	0	1	-29.999999999999996	29.999999999999996	42.42380449985031	-5.562985117717586	-42.42380449985003	7.4741902465819114				
	9	10	0.03181	0.0845	0.0	325.0	325.0	325.0	0	0	1	-29.999999999999996	29.999999999999996	34.106254305403496	13.27366566995622	-33.70735486591867	-12.214030252275345				
	9	14	0.12711	0.27038	0.0	99.0	99.0	99.0	0	0	1	-29.999999999999996	29.999999999999996	13.015971987403427	-3.3666360024915263	-12.800873063570506	3.824180232102269				
	10	11	0.08205	0.19207	0.0	141.0	141.0	141.0	0	0	1	-29.999999999999996	29.999999999999996	5.869368329510064	-8.73917386957869	-5.780656964039973	8.946837391403792				
	12	13	0.22092	0.19988	0.0	99.0	99.0	99.0	0	0	1	-29.999999999999996	29.999999999999996	2.6409980783573164	1.5726675741463474	-2.621984739308238	-1.5554650292928796				
	13	14	0.17093	0.34802	0.0	76.0	76.0	76.0	0	0	1	-29.999999999999996	29.999999999999996	-2.2519562240556987	4.779013951302281	2.2961326242707565	-4.689069115388963				
];

%%-----  OPF Data  -----%%
%% cost data
%    1    startup    shutdown    n    x1    y1    ...    xn    yn
%    2    startup    shutdown    n    c(n-1)    ...    c0
mpc.gencost = [
	2	0.0	0.0	2	7.9209510000000005	0.0
	2	0.0	0.0	2	23.269494	0.0
	2	0.0	0.0	2	0.0	0.0
	2	0.0	0.0	2	0.0	0.0
	2	0.0	0.0	2	0.0	0.0
];

mpc.multinetwork = false;

mpc.multiinfrastructure = false;

