%% MATPOWER Case Format : Version 2
function mpc = pglib_opf_case14_ieee
mpc.version = '2';

%%-----  Power Flow Data  -----%%
%% system MVA base
mpc.baseMVA = 100.0;
%% bus data
%    bus_i    type    Pd    Qd    Gs    Bs    area    Vm    Va    baseKV    zone    Vmax    Vmin
mpc.bus = [
	1	3	0.0	0.0	0.0	0.0	1	1.06	-2.240028030981937e-33	1.0	1	1.06	0.94				
	2	2	21.021334539870786	5.853749006644779	0.0	0.0	1	1.0474972339879935	-7.583652431058371	1.0	1	1.06	0.94				
	3	2	47.12885092226485	11.194761360094912	0.0	0.0	1	1.0222668683230638	-15.020445079221906	1.0	1	1.06	0.94				
	4	1	29.094098839106273	1.3155411722970463	0.0	0.0	1	0.9934610915026383	-16.703260050298802	1.0	1	1.06	0.94				
	5	1	5.067169507673855	1.2186765453125696	0.0	0.0	1	0.9884315926712625	-16.59104842649983	1.0	1	1.06	0.94				
	6	2	29.845985158841998	23.359789136906876	0.0	0.0	1	1.0599999954451291	-27.724854679940993	1.0	1	1.06	0.94				
	7	1	0.0	0.0	0.0	0.0	1	1.0396723715555847	-22.735633390973955	1.0	1	1.06	0.94				
	8	2	0.0	0.0	0.0	0.0	1	1.0599999931700157	-22.735633390973955	1.0	1	1.06	0.94				
	9	1	27.478363703828634	3.474022599830277	0.0	19.0	1	1.0440014539958733	-25.819124662368942	1.0	1	1.06	0.94				
	10	1	30.48508379925197	3.759752098775762	0.0	0.0	1	1.0334402552416628	-27.318839066935574	1.0	1	1.06	0.94				
	11	1	7.751235127903378	5.099322603557598	0.0	0.0	1	1.0383249061982573	-27.78469822514839	1.0	1	1.06	0.94				
	12	1	33.38999276263771	3.0616956296961746	0.0	0.0	1	1.01560294305683	-30.590049501512098	1.0	1	1.06	0.94				
	13	1	15.289361334428781	3.9574350576355983	0.0	0.0	1	1.0316767049899147	-29.221503225378154	1.0	1	1.06	0.94				
	14	1	22.91457577288336	10.698061447966166	0.0	0.0	1	1.0052801475089963	-28.7785943373305	1.0	1	1.06	0.94				
];

%% generator data
%    bus    Pg    Qg    Qmax    Qmin    Vg    mBase    status    Pmax    Pmin    Pc1    Pc2    Qc1min    Qc1max    Qc2min    Qc2max    ramp_agc    ramp_10    ramp_30    ramp_q    apf
mpc.gen = [
	1	235.14033120366884	-41.17030985468105	10.0	0.0	1.06	100.0	1	340.0	0.0															
	2	59.0	85.1625321759857	30.0	-30.0	1.0474972339879935	100.0	1	59.0	0.0															
	3	0.0	25.167652547057394	40.0	0.0	1.0222668683230638	100.0	1	0.0	0.0															
	6	0.0	57.56696580634598	24.0	-6.0	1.0599999954451291	100.0	1	0.0	0.0															
	8	0.0	12.232346734287919	24.0	-6.0	1.0599999931700157	100.0	1	0.0	0.0															
];

%% branch data
%    f_bus    t_bus    r    x    b    rateA    rateB    rateC    ratio    angle    status    angmin    angmax
mpc.branch = [
	1	2	0.01938	0.05917	0.0528	472.0	472.0	472.0	0	0	1	-29.999999999999996	29.999999999999996	235.14033120366884	-41.17030985468105	-225.35192708042592	65.19270691515297				
	1	5	0.05403	0.22304	0.0492	128.0	128.0	128.0	0	0	0	-29.999999999999996	29.999999999999996								
	2	3	0.04699	0.19797	0.0438	145.0	145.0	145.0	0	0	1	-29.999999999999996	29.999999999999996	70.29822299163668	-1.1891146436759037	-68.18123770392651	5.4164313577911685				
	2	4	0.05811	0.17632	0.034	158.0	158.0	158.0	0	0	1	-29.999999999999996	29.999999999999996	96.1410982540745	6.011997211598164	-91.21311650812665	5.397542543454638				
	2	5	0.05695	0.17388	0.0346	161.0	161.0	161.0	0	0	1	-29.999999999999996	29.999999999999996	96.89127221153207	9.293193686265719	-91.9537043851253	2.193762822649265				
	3	4	0.06701	0.17103	0.0128	160.0	160.0	160.0	0	0	1	-29.999999999999996	29.999999999999996	21.052386781661664	8.556459829171311	-20.713621530401294	-8.992303846333842				
	4	5	0.01335	0.04211	0.0	664.0	664.0	664.0	0	0	1	-29.999999999999996	29.999999999999996	-0.730412032181675	12.101649515063153	0.750293474907465	-12.038937338794941				
	4	7	0.0	0.20912	0.0	141.0	141.0	141.0	0.978	0.0	1	-29.999999999999996	29.999999999999996	53.073273238022956	-8.795296901837034	-53.073273238022956	14.66058739102992				
	4	9	0.0	0.55618	0.0	53.0	53.0	53.0	0.969	0.0	1	-29.999999999999996	29.999999999999996	30.489777993580397	-1.0271324826439616	-30.489777993580397	5.951634354643256				
	5	6	0.0	0.25202	0.0	117.0	117.0	117.0	0.932	0.0	1	-29.999999999999996	29.999999999999996	86.13624140254399	8.626497970833105	-86.13624140254399	8.164622080042523				
	6	11	0.09498	0.1989	0.0	134.0	134.0	134.0	0	0	1	-29.999999999999996	29.999999999999996	4.962552398562016	9.181881637224464	-4.870468563579114	-8.989046569019639				
	6	12	0.12291	0.25581	0.0	104.0	104.0	104.0	0	0	1	-29.999999999999996	29.999999999999996	24.477241042641523	7.16221925469345	-23.765736187449672	-5.6813791521255546				
	6	13	0.06615	0.13027	0.0	200.99999999999997	200.99999999999997	200.99999999999997	0	0	1	-29.999999999999996	29.999999999999996	26.850462802498466	9.698453697478666	-26.370641361437073	-8.75353549449959				
	7	8	0.0	0.17615	0.0	167.0	167.0	167.0	0	0	1	-29.999999999999996	29.999999999999996	-2.1571646880755217e-29	-11.997767000822963	0.0	12.232346734287919				
	7	9	0.0	0.11001	0.0	267.0	267.0	267.0	0	0	1	-29.999999999999996	29.999999999999996	53.073273238022956	-2.6628203902069587	-53.073273238022956	5.53679398074377				
	9	10	0.03181	0.0845	0.0	325.0	325.0	325.0	0	0	1	-29.999999999999996	29.999999999999996	33.7156244511121	0.7935414626460628	-33.383680780732554	0.08823282679332693				
	9	14	0.12711	0.27038	0.0	99.0	99.0	99.0	0	0	1	-29.999999999999996	29.999999999999996	22.369063076662616	4.952849285099102	-21.75691174346441	-3.6507213843034507				
	10	11	0.08205	0.19207	0.0	141.0	141.0	141.0	0	0	1	-29.999999999999996	29.999999999999996	2.898596981480585	-3.8479849255690888	-2.8807665643242637	3.8897239654620406				
	12	13	0.22092	0.19988	0.0	99.0	99.0	99.0	0	0	1	-29.999999999999996	29.999999999999996	-9.624256575188038	2.619683522429379	9.837346268762651	-2.4268880853856256				
	13	14	0.17093	0.34802	0.0	76.0	76.0	76.0	0	0	1	-29.999999999999996	29.999999999999996	1.2439337582456436	7.222988522249617	-1.1576640294189506	-7.047340063662714				
];

%%-----  OPF Data  -----%%
%% cost data
%    1    startup    shutdown    n    x1    y1    ...    xn    yn
%    2    startup    shutdown    n    c(n-1)    ...    c0
mpc.gencost = [
	2	0.0	0.0	2	7.9209510000000005	0.0
	2	0.0	0.0	2	0.0	0.0
	2	0.0	0.0	2	23.269494	0.0
	2	0.0	0.0	2	0.0	0.0
	2	0.0	0.0	2	0.0	0.0
];

mpc.multinetwork = false;

mpc.multiinfrastructure = false;

