function mpc = sample_6_lam_0p29392
%SAMPLE_6_LAM_0P29392

%% MATPOWER Case Format : Version 2
mpc.version = '2';

%%-----  Power Flow Data  -----%%
%% system MVA base
mpc.baseMVA = 100;

%% bus data
%	bus_i	type	Pd	Qd	Gs	Bs	area	Vm	Va	baseKV	zone	Vmax	Vmin
mpc.bus = [
	1	2	43.8521628	41.2754011	0	0	1	1.04212933	-105.424687	138	1	1.06	0.94;
	2	1	42.8915115	22.3004997	0	0	1	1.03362269	-104.718907	138	1	1.06	0.94;
	3	1	83.9711784	30.2879572	0	0	1	1.03568215	-104.473261	138	1	1.06	0.94;
	4	2	63.8775751	11.0190791	0	0	1	1.05999997	-99.3371199	138	1	1.06	0.94;
	5	1	0	0	0	-40	1	1.06160977	-98.7400858	138	1	1.06	0.94;
	6	2	63.005816	63.0066831	0	0	1	1.05391602	-101.914046	138	1	1.06	0.94;
	7	1	12.0868704	11.4767989	0	0	1	1.05035	-102.422571	138	1	1.06	0.94;
	8	2	15.4434186	15.4436329	0	0	1	1.05999999	-92.5760663	345	1	1.06	0.94;
	9	1	0	0	0	0	1	1.07914144	-90.1574967	345	1	1.06	0.94;
	10	2	0	0	0	0	1	1.05999979	-87.4239697	345	1	1.06	0.94;
	11	1	56.7101689	10.8522424	0	0	1	1.04453051	-102.192599	138	1	1.06	0.94;
	12	2	147.675202	24.6645501	0	0	1	1.04859337	-103.08811	138	1	1.06	0.94;
	13	1	97.8806744	28.1249392	0	0	1	1.0158868	-103.62832	138	1	1.06	0.94;
	14	1	88.5377556	31.4990007	0	0	1	1.02119538	-103.557444	138	1	1.06	0.94;
	15	2	59.9679344	59.9689563	0	0	1	1.05851956	-96.5486345	138	1	1.06	0.94;
	16	1	41.392299	26.5960658	0	0	1	1.0275134	-100.931589	138	1	1.06	0.94;
	17	1	69.5078176	49.9248034	0	0	1	1.05244473	-92.8770209	138	1	1.06	0.94;
	18	2	92.1650171	23.1794326	0	0	1	1.05999988	-96.4376848	138	1	1.06	0.94;
	19	2	72.0651571	13.9973774	0	0	1	1.05406806	-97.2331216	138	1	1.06	0.94;
	20	1	108.802964	47.6216958	0	0	1	0.927909364	-102.630542	138	1	1.06	0.94;
	21	1	44.1387102	5.55089105	0	0	1	0.902938556	-101.446426	138	1	1.06	0.94;
	22	1	117.809864	22.4517388	0	0	1	0.891424353	-97.0409775	138	1	1.06	0.94;
	23	1	106.394839	56.7202775	0	0	1	1.00837679	-78.7670796	138	1	1.06	0.94;
	24	2	109.333141	71.3994056	0	0	1	1.06	-75.5212788	138	1	1.06	0.94;
	25	2	0	0	0	0	1	1.06	-65.8123396	138	1	1.06	0.94;
	26	2	0	0	0	0	1	1.06	-61.5079417	345	1	1.06	0.94;
	27	2	37.9987946	37.9965766	0	0	1	1.05999974	-86.2989317	138	1	1.06	0.94;
	28	1	40.0731364	39.5222126	0	0	1	1.03051055	-89.0730554	138	1	1.06	0.94;
	29	1	34.9789937	31.906583	0	0	1	1.04123862	-90.6118899	138	1	1.06	0.94;
	30	1	0	0	0	0	1	0.990647489	-83.4739066	345	1	1.06	0.94;
	31	2	29.0728786	29.0733766	0	0	1	1.05773886	-90.7294346	138	1	1.06	0.94;
	32	2	81.4159942	27.2334315	0	0	1	1.0557358	-88.5019369	138	1	1.06	0.94;
	33	1	40.1936517	40.0703832	0	0	1	1.01144443	-90.1804791	138	1	1.06	0.94;
	34	2	103.874122	20.443825	0	14	1	1.06	-82.0799588	138	1	1.06	0.94;
	35	1	47.4047171	11.4582727	0	0	1	1.05587234	-82.3238272	138	1	1.06	0.94;
	36	2	36.1094983	29.3992941	0	0	1	1.05999994	-82.440289	138	1	1.06	0.94;
	37	1	0	0	0	-25	1	1.04617875	-80.584882	138	1	1.06	0.94;
	38	1	0	0	0	0	1	0.918916988	-71.8444398	345	1	1.06	0.94;
	39	1	54.2216587	54.2224803	0	0	1	1.02544643	-80.3395317	138	1	1.06	0.94;
	40	2	118.926034	33.6929859	0	0	1	1.05432043	-78.9680999	138	1	1.06	0.94;
	41	1	72.8151009	28.8719978	0	0	1	1.03328291	-76.7295742	138	1	1.06	0.94;
	42	2	67.6177574	52.7198698	0	0	1	1.06	-65.8914653	138	1	1.06	0.94;
	43	1	97.6650621	22.3183436	0	0	1	0.924084699	-80.5218658	138	1	1.06	0.94;
	44	1	51.0091057	11.3626913	0	10	1	0.88685592	-61.4318431	138	1	1.06	0.94;
	45	1	115.348708	29.8242309	0	10	1	0.919569852	-51.2378971	138	1	1.06	0.94;
	46	2	103.59952	34.0579947	0	10	1	1.04689895	-43.5630471	138	1	1.06	0.94;
	47	1	48.0378227	13.1079866	0	0	1	1.02112559	-31.8623472	138	1	1.06	0.94;
	48	1	59.9802029	31.3342528	0	15	1	1.03935939	-35.1865113	138	1	1.06	0.94;
	49	2	63.8059529	25.0481506	0	0	1	1.06	-31.4953887	138	1	1.06	0.94;
	50	1	49.8359418	18.8932204	0	0	1	1.02289996	-34.4255209	138	1	1.06	0.94;
	51	1	98.8094585	0	0	0	1	0.964192341	-41.7340229	138	1	1.06	0.94;
	52	1	60.2524018	39.5457008	0	0	1	0.938736818	-42.9713896	138	1	1.06	0.94;
	53	1	82.3693089	27.6911762	0	0	1	0.966789552	-41.3918267	138	1	1.06	0.94;
	54	2	52.8323449	35.4606662	0	0	1	1.04694633	-34.9685346	138	1	1.06	0.94;
	55	2	56.7548809	0	0	0	1	1.04740761	-34.6206259	138	1	1.06	0.94;
	56	2	47.4183726	33.429404	0	0	1	1.04595376	-34.961127	138	1	1.06	0.94;
	57	1	72.2444371	33.2597282	0	0	1	1.00443363	-36.6392537	138	1	1.06	0.94;
	58	1	123.718824	0	0	0	1	0.978315386	-41.721915	138	1	1.06	0.94;
	59	2	152.223721	72.5012947	0	0	1	1.06	-21.7561338	138	1	1.06	0.94;
	60	1	92.7287806	62.4080905	0	0	1	1.05190502	-19.561209	138	1	1.06	0.94;
	61	2	0	0	0	0	1	1.05999988	-18.7833264	138	1	1.06	0.94;
	62	2	63.5178336	17.4684466	0	0	1	1.05649172	-19.6160074	138	1	1.06	0.94;
	63	1	0	0	0	0	1	1.03839117	-20.508586	345	1	1.06	0.94;
	64	1	0	0	0	0	1	1.04910861	-19.8733089	345	1	1.06	0.94;
	65	2	0	0	0	0	1	1.06	-20.1665542	345	1	1.06	0.94;
	66	2	92.1036699	55.8876623	0	0	1	1.06	-15.6691082	138	1	1.06	0.94;
	67	1	100.777176	3.29628767	0	0	1	1.04480559	-20.3392542	138	1	1.06	0.94;
	68	1	0	0	0	0	1	1.03924356	-20.8141642	345	1	1.06	0.94;
	69	3	0	0	0	0	1	1.06	2.25715626e-30	138	1	1.06	0.94;
	70	2	55.9901173	45.8934853	0	0	1	1.05999998	-41.7284618	138	1	1.06	0.94;
	71	1	0	0	0	0	1	1.05264401	-46.3197455	138	1	1.06	0.94;
	72	2	66.7023047	32.7431186	0	0	1	1.05924026	-64.4051673	138	1	1.06	0.94;
	73	2	52.034335	12.6868576	0	0	1	1.05921002	-47.6491098	138	1	1.06	0.94;
	74	2	67.5102783	40.9341651	0	12	1	1.04605564	-44.0570836	138	1	1.06	0.94;
	75	1	99.0909593	49.073552	0	0	1	0.980332485	-42.0538329	138	1	1.06	0.94;
	76	2	130.212161	16.5282135	0	0	1	1.0331925	-55.1897837	138	1	1.06	0.94;
	77	2	164.301171	14.8606223	0	0	1	1.06	-57.9594373	138	1	1.06	0.94;
	78	1	91.4567533	51.7326377	0	0	1	1.04765716	-58.5768737	138	1	1.06	0.94;
	79	1	106.752417	46.7233441	0	20	1	1.04224243	-58.856166	138	1	1.06	0.94;
	80	2	129.419684	67.2871235	0	0	1	1.06	-55.9463048	138	1	1.06	0.94;
	81	1	0	0	0	0	1	0.968644742	-33.7171624	345	1	1.06	0.94;
	82	1	106.679324	81.5880782	0	20	1	0.707376531	-96.3101152	138	1	1.06	0.94;
	83	1	126.635813	56.2916451	0	10	1	0.706710219	-116.012605	138	1	1.06	0.94;
	84	1	69.0171927	54.5175253	0	0	1	0.852341072	-136.266142	138	1	1.06	0.94;
	85	2	104.983595	10.5759413	0	0	1	1.01244688	-141.107003	138	1	1.06	0.94;
	86	1	79.2471562	32.7633332	0	0	1	0.971730597	-145.537353	138	1	1.06	0.94;
	87	2	0	0	0	0	1	1.01477301	-144.117	161	1	1.06	0.94;
	88	1	83.5635688	8.50380554	0	0	1	1.01292737	-140.448488	138	1	1.06	0.94;
	89	2	0	0	0	0	1	1.03117037	-136.777493	138	1	1.06	0.94;
	90	2	160.696641	25.5862426	0	0	1	1.01660226	-141.738634	138	1	1.06	0.94;
	91	2	82.0070467	18.0469165	0	0	1	1.01896859	-140.466322	138	1	1.06	0.94;
	92	2	32.0140213	32.0135164	0	0	1	1.04061636	-132.519773	138	1	1.06	0.94;
	93	1	38.2728576	23.7440746	0	0	1	0.929533428	-123.679041	138	1	1.06	0.94;
	94	1	92.0370269	56.6155964	0	0	1	0.885975466	-113.079894	138	1	1.06	0.94;
	95	1	18.092512	10.3930422	0	0	1	0.826645909	-106.418526	138	1	1.06	0.94;
	96	1	97.4700402	43.7077466	0	0	1	0.78297259	-96.0912175	138	1	1.06	0.94;
	97	1	126.699451	23.3686453	0	0	1	0.834965852	-77.8560511	138	1	1.06	0.94;
	98	1	103.322989	55.4907346	0	0	1	0.886978221	-80.461899	138	1	1.06	0.94;
	99	2	103.890807	103.500285	0	0	1	1.05999999	-101.371917	138	1	1.06	0.94;
	100	2	92.468647	67.5132353	0	0	1	1.06	-111.340484	138	1	1.06	0.94;
	101	1	61.6592616	21.2762867	0	0	1	0.987633973	-124.456582	138	1	1.06	0.94;
	102	1	153.464178	33.1433396	0	0	1	0.995048658	-133.015925	138	1	1.06	0.94;
	103	2	119.631836	99.7887437	0	0	1	1.05491532	-120.058907	138	1	1.06	0.94;
	104	2	41.5303739	27.4927135	0	0	1	1.04616726	-126.354458	138	1	1.06	0.94;
	105	2	119.848498	25.7597974	0	20	1	1.03807002	-129.647854	138	1	1.06	0.94;
	106	1	76.2567528	16.6151708	0	0	1	1.02124897	-128.693471	138	1	1.06	0.94;
	107	2	56.4218832	33.8361617	0	6	1	1.02819707	-132.204604	138	1	1.06	0.94;
	108	1	91.4312679	37.1192923	0	0	1	0.984544063	-134.580839	138	1	1.06	0.94;
	109	1	85.5358011	33.9202708	0	0	1	0.984785419	-135.377212	138	1	1.06	0.94;
	110	2	138.875389	85.4685059	0	6	1	1.03522629	-134.226962	138	1	1.06	0.94;
