%% MATPOWER Case Format : Version 2
function mpc = pglib_opf_case118_ieee
mpc.version = '2';

%%-----  Power Flow Data  -----%%
%% system MVA base
mpc.baseMVA = 100.0;
%% bus data
%    bus_i    type    Pd    Qd    Gs    Bs    area    Vm    Va    baseKV    zone    Vmax    Vmin
mpc.bus = [
	1	2	35.079188994584065	21.331319119644597	0.0	0.0	1	1.0015007985735105	-64.70010479056192	138.0	1	1.06	0.94				
	2	1	36.24894074145442	28.02800893111558	0.0	0.0	1	0.989380768843272	-64.78320129166408	138.0	1	1.06	0.94				
	3	1	55.03557940923326	6.120878584243549	0.0	0.0	1	1.0001576084472374	-63.619655945131335	138.0	1	1.06	0.94				
	4	2	23.367769578041898	15.086313781829762	0.0	0.0	1	1.00924565584934	-58.05497083583108	138.0	1	1.06	0.94				
	5	1	0.0	0.0	0.0	-40.0	1	1.0115806039878636	-57.4976557811254	138.0	1	1.06	0.94				
	6	2	55.84506624318871	22.018691835482212	0.0	0.0	1	1.0027948084026215	-62.10807193000081	138.0	1	1.06	0.94				
	7	1	63.13602030061139	28.883266478743096	0.0	0.0	1	0.9982057068675254	-63.1753709014928	138.0	1	1.06	0.94				
	8	2	31.577259194971113	7.9473208738579215	0.0	0.0	1	1.0085118023198951	-50.248270612965975	345.0	1	1.06	0.94				
	9	1	0.0	0.0	0.0	0.0	1	1.0139592813388176	-41.98005626997768	345.0	1	1.06	0.94				
	10	2	0.0	0.0	0.0	0.0	1	1.003979802623434	-33.02707799460354	345.0	1	1.06	0.94				
	11	1	65.3957572697638	22.91326952618574	0.0	0.0	1	0.9971631561703626	-62.140966686104235	138.0	1	1.06	0.94				
	12	2	57.44543992623697	17.67604572277698	0.0	0.0	1	1.0050957699583687	-63.827859356664455	138.0	1	1.06	0.94				
	13	1	45.45145767546507	29.296648229908524	0.0	0.0	1	0.975970598670799	-62.751665893587585	138.0	1	1.06	0.94				
	14	1	36.71655927619734	31.400316097140657	0.0	0.0	1	0.9837338122761523	-63.49544957584267	138.0	1	1.06	0.94				
	15	2	51.55444844779513	2.6750989371415006	0.0	0.0	1	1.005330356877947	-59.39235339390528	138.0	1	1.06	0.94				
	16	1	47.58424818387975	6.1902531587314495	0.0	0.0	1	0.9973409984174251	-63.09726298650292	138.0	1	1.06	0.94				
	17	1	28.11299775388425	5.704713062691023	0.0	0.0	1	1.013693959164438	-56.738055838991315	138.0	1	1.06	0.94				
	18	2	55.202245998388285	18.489037406444865	0.0	0.0	1	1.003117386980974	-59.048041597308725	138.0	1	1.06	0.94				
	19	2	56.38115548408689	11.58640157902307	0.0	0.0	1	1.0031502012842586	-59.810815786733215	138.0	1	1.06	0.94				
	20	1	37.37519969193886	33.25624767719919	0.0	0.0	1	0.9148819350553905	-61.609126526607874	138.0	1	1.06	0.94				
	21	1	67.49303574618037	22.810668634571837	0.0	0.0	1	0.8875427331417827	-61.245818388835175	138.0	1	1.06	0.94				
	22	1	32.992106659106994	22.152771799229416	0.0	0.0	1	0.8983364260947485	-56.4282194334641	138.0	1	1.06	0.94				
	23	1	37.407968836411264	29.03508829810752	0.0	0.0	1	0.9836096858392175	-46.2898639662684	138.0	1	1.06	0.94				
	24	2	55.275288001261316	13.822425071884625	0.0	0.0	1	1.0144210889123046	-43.17415223839295	138.0	1	1.06	0.94				
	25	2	0.0	0.0	0.0	0.0	1	1.0091241688452812	-37.93104399395749	138.0	1	1.06	0.94				
	26	2	0.0	0.0	0.0	0.0	1	1.0080636601412636	-34.312814994376	345.0	1	1.06	0.94				
	27	2	32.623168890784754	15.263079000456564	0.0	0.0	1	1.004677600266747	-56.4379603391707	138.0	1	1.06	0.94				
	28	1	58.27659258079581	22.425149965192453	0.0	0.0	1	0.9788784877219323	-59.940919590546	138.0	1	1.06	0.94				
	29	1	45.67800946032739	32.13995194128974	0.0	0.0	1	0.9843110395763124	-60.882262374899796	138.0	1	1.06	0.94				
	30	1	0.0	0.0	0.0	0.0	1	0.9821476194841032	-48.84259648089687	345.0	1	1.06	0.94				
	31	2	63.32667210457426	13.369799364511554	0.0	0.0	1	1.0012164410113675	-60.531920240903226	138.0	1	1.06	0.94				
	32	2	51.190380607315646	44.49400705569757	0.0	0.0	1	1.004152080984657	-57.26194996424159	138.0	1	1.06	0.94				
	33	1	39.432317962725286	19.656148278188116	0.0	0.0	1	0.9889101904377151	-56.858762796217185	138.0	1	1.06	0.94				
	34	2	38.85255647642358	28.71468707267014	0.0	14.000000000000002	1	1.015771964245742	-52.08489560625771	138.0	1	1.06	0.94				
	35	1	72.49205915012644	16.38684919060967	0.0	0.0	1	1.0050254069110394	-52.944823315693334	138.0	1	1.06	0.94				
	36	2	51.34615453644219	17.312175001963485	0.0	0.0	1	1.0061508970532633	-52.90666669220136	138.0	1	1.06	0.94				
	37	1	0.0	0.0	0.0	-25.0	1	1.0156465642670398	-51.202209064622664	138.0	1	1.06	0.94				
	38	1	0.0	0.0	0.0	0.0	1	0.9579509399808153	-44.55875718981857	345.0	1	1.06	0.94				
	39	1	30.620957483197405	22.382979391690018	0.0	0.0	1	0.9953228749983062	-52.16379742800216	138.0	1	1.06	0.94				
	40	2	35.997916004724615	22.60709588645331	0.0	0.0	1	1.0017879796614346	-51.86946912247255	138.0	1	1.06	0.94				
	41	1	70.65584323340273	31.676524941408523	0.0	0.0	1	0.9812511236779135	-51.74891336636493	138.0	1	1.06	0.94				
	42	2	58.545270533536296	1.3389229080171978	0.0	0.0	1	0.9984441466859755	-46.515315967895695	138.0	1	1.06	0.94				
	43	1	49.13920174364972	20.270341156589588	0.0	0.0	1	0.9610157149914895	-51.73516626418275	138.0	1	1.06	0.94				
	44	1	41.720693639229104	7.017022225457585	0.0	10.0	1	0.9599552414212057	-44.260761384588186	138.0	1	1.06	0.94				
	45	1	47.91512133246346	5.379304422135431	0.0	10.0	1	0.9705404203157331	-39.14920240461427	138.0	1	1.06	0.94				
	46	2	48.36872961990826	14.219826363951551	0.0	10.0	1	1.001407101326285	-34.7605477252152	138.0	1	1.06	0.94				
	47	1	35.89861694053442	9.050867733943257	0.0	0.0	1	0.9868170989690179	-27.768276522555222	138.0	1	1.06	0.94				
	48	1	58.73997774727647	25.616377951531668	0.0	15.0	1	0.9925706354862506	-31.76629142427719	138.0	1	1.06	0.94				
	49	2	44.89124615170208	5.207202456122307	0.0	0.0	1	1.0065301377042557	-29.3376224199175	138.0	1	1.06	0.94				
	50	1	62.68054492864024	12.73776258547113	0.0	0.0	1	0.9761782889660551	-32.856247746204595	138.0	1	1.06	0.94				
	51	1	47.32397298371686	10.930168766421385	0.0	0.0	1	0.9484523029396672	-35.696618723254	138.0	1	1.06	0.94				
	52	1	46.28361495436448	17.345067977227252	0.0	0.0	1	0.9345930261858899	-37.004324025474055	138.0	1	1.06	0.94				
	53	1	48.18640164397122	24.980174398438365	0.0	0.0	1	0.9494464244008224	-36.23123505528423	138.0	1	1.06	0.94				
	54	2	48.90853557693365	35.08554360900039	0.0	0.0	1	1.0036693852906238	-32.48553902840674	138.0	1	1.06	0.94				
	55	2	32.14610638454553	20.984572615837465	0.0	0.0	1	1.0025659836531744	-32.41154562738534	138.0	1	1.06	0.94				
	56	2	25.261844784787225	15.848911249204207	0.0	0.0	1	1.0039125875348909	-32.612604242202636	138.0	1	1.06	0.94				
	57	1	60.944755798906826	17.72570509364889	0.0	0.0	1	0.9705831697421856	-34.57027376505472	138.0	1	1.06	0.94				
	58	1	55.224766385721644	14.899573749156483	0.0	0.0	1	0.957499974092661	-35.62247286997596	138.0	1	1.06	0.94				
	59	2	45.343445836325515	11.032051220727698	0.0	0.0	1	1.0158454486285917	-25.848382157593782	138.0	1	1.06	0.94				
	60	1	41.21673749125935	19.927343439301463	0.0	0.0	1	1.00574112080242	-22.25614046490124	138.0	1	1.06	0.94				
	61	2	0.0	0.0	0.0	0.0	1	1.0089248738663565	-21.49279825643252	138.0	1	1.06	0.94				
	62	2	49.61930505201983	11.230711018994102	0.0	0.0	1	1.0027505880640895	-22.839806306497678	138.0	1	1.06	0.94				
	63	1	0.0	0.0	0.0	0.0	1	0.9943641396694638	-22.6077410414002	345.0	1	1.06	0.94				
	64	1	0.0	0.0	0.0	0.0	1	1.006978573887799	-20.89044272972767	345.0	1	1.06	0.94				
	65	2	0.0	0.0	0.0	0.0	1	1.0357852962591554	-17.76241773697678	345.0	1	1.06	0.94				
	66	2	56.810492652656194	31.77532479309601	0.0	0.0	1	1.0266188062274044	-23.552373148319415	138.0	1	1.06	0.94				
	67	1	56.39890474533892	14.360699956705988	0.0	0.0	1	1.002129969201288	-24.874128554454256	138.0	1	1.06	0.94				
	68	1	0.0	0.0	0.0	0.0	1	1.0213236200668234	-12.767513180618801	345.0	1	1.06	0.94				
	69	3	0.0	0.0	0.0	0.0	1	1.046668576991759	7.2139484012419956e-31	138.0	1	1.06	0.94				
	70	2	40.742589811379084	4.533519002927624	0.0	0.0	1	1.0144462147490898	-18.806341085558202	138.0	1	1.06	0.94				
	71	1	0.0	0.0	0.0	0.0	1	1.0060758599178674	-21.872453145739073	138.0	1	1.06	0.94				
	72	2	37.94224846864022	11.05378892758809	0.0	0.0	1	1.0060221455240723	-34.47823620910414	138.0	1	1.06	0.94				
