%% MATPOWER Case Format : Version 2
function mpc = pglib_opf_case14_ieee
mpc.version = '2';

%%-----  Power Flow Data  -----%%
%% system MVA base
mpc.baseMVA = 100.0;
%% bus data
%    bus_i    type    Pd    Qd    Gs    Bs    area    Vm    Va    baseKV    zone    Vmax    Vmin
mpc.bus = [
	1	3	0.0	0.0	0.0	0.0	1	1.0101689114434063	0.0	1.0	1	1.06	0.94				
	2	2	33.868912203978276	12.719182508368132	0.0	0.0	1	1.0140260841466329	-10.363867161028333	1.0	1	1.06	0.94				
	3	2	46.284783601502966	32.565849885624544	0.0	0.0	1	1.0050926732112238	-18.975482283970305	1.0	1	1.06	0.94				
	4	1	17.247535856111952	7.483810895242336	0.0	0.0	1	0.9233742608018892	-20.19986741725001	1.0	1	1.06	0.94				
	5	1	21.698017277108057	9.975283743851383	0.0	0.0	1	0.9148114342673773	-19.163460780975527	1.0	1	1.06	0.94				
	6	2	38.94066154256699	11.624402355005133	0.0	0.0	1	1.0228074636084015	-44.43318881051503	1.0	1	1.06	0.94				
	7	1	0.0	0.0	0.0	0.0	1	0.9575906809784408	-31.16571158587998	1.0	1	1.06	0.94				
	8	2	0.0	0.0	0.0	0.0	1	1.0083455033659738	-31.16571158587998	1.0	1	1.06	0.94				
	9	1	36.599867155400354	20.20914925957431	0.0	19.0	1	0.9467610584134345	-36.892960250920225	1.0	1	1.06	0.94				
	10	1	31.535995178375675	15.192663040630528	0.0	0.0	1	0.9347557127949021	-39.58554858480922	1.0	1	1.06	0.94				
	11	1	12.546543143728936	6.575594655383435	0.0	0.0	1	0.9651396399550481	-42.56798792143356	1.0	1	1.06	0.94				
	12	1	80.07859208765655	49.600055014854725	0.0	0.0	1	0.8211421943085659	-50.52338538958836	1.0	1	1.06	0.94				
	13	1	45.92831607238788	7.101190326979391	0.0	0.0	1	0.9245025614963026	-48.43380822615444	1.0	1	1.06	0.94				
	14	1	32.76097453956627	4.661405525263109	0.0	0.0	1	0.8972381414600069	-45.03233132815143	1.0	1	1.06	0.94				
];

%% generator data
%    bus    Pg    Qg    Qmax    Qmin    Vg    mBase    status    Pmax    Pmin    Pc1    Pc2    Qc1min    Qc1max    Qc2min    Qc2max    ramp_agc    ramp_10    ramp_30    ramp_q    apf
mpc.gen = [
	1	431.2759417918768	-46.406011742683916	10.0	0.0	1.0101689114434063	100.0	1	340.0	0.0															
	2	30.54933232214689	181.21438012709663	30.0	-30.0	1.0140260841466329	100.0	1	59.0	0.0															
	3	0.0	86.03082723687773	40.0	0.0	1.0050926732112238	100.0	1	0.0	0.0															
	6	0.0	192.86971211003964	24.0	-6.0	1.0228074636084015	100.0	1	0.0	0.0															
	8	0.0	29.05387274486564	24.0	-6.0	1.0083455033659738	100.0	1	0.0	0.0															
];

%% branch data
%    f_bus    t_bus    r    x    b    rateA    rateB    rateC    ratio    angle    status    angmin    angmax
mpc.branch = [
	1	2	0.01938	0.05917	0.0528	472.0	472.0	472.0	0	0	1	-29.999999999999996	29.999999999999996	287.67046216100437	-75.25604822690882	-270.95398034196444	120.88539221195369				
	1	5	0.05403	0.22304	0.0492	128.0	128.0	128.0	0	0	1	-29.999999999999996	29.999999999999996	143.6054796308724	28.850036484224905	-132.16560112307855	13.805652674406627				
	2	3	0.04699	0.19797	0.0438	145.0	145.0	145.0	0	0	1	-29.999999999999996	29.999999999999996	75.30800283520475	-9.747049861777155	-72.6906021610073	16.309994048207376				
	2	4	0.05811	0.17632	0.034	158.0	158.0	158.0	0	0	1	-29.999999999999996	29.999999999999996	99.6475613897842	25.35122321368047	-93.62095320429427	-10.26249224115265				
	2	5	0.05695	0.17388	0.0346	161.0	161.0	161.0	0	0	1	-29.999999999999996	29.999999999999996	92.67883623514412	32.005632054871484	-87.28941454711328	-18.777298078605874				
	3	4	0.06701	0.17103	0.0128	160.0	160.0	160.0	0	0	1	-29.999999999999996	29.999999999999996	26.40581855950434	37.15498330304581	-24.995439006321497	-34.74747567113702				
	4	5	0.01335	0.04211	0.0	664.0	664.0	664.0	0	0	1	-29.999999999999996	29.999999999999996	-27.466251710972983	27.811992770026556	27.70548477315331	-27.0573782195841				
	4	7	0.0	0.20912	0.0	141.0	141.0	141.0	0.978	0.0	1	-29.999999999999996	29.999999999999996	82.24094000435736	1.8238464368238418	-82.24094000435736	14.050922255141533				
	4	9	0.0	0.55618	0.0	53.0	53.0	53.0	0.969	0.0	1	-29.999999999999996	29.999999999999996	46.59416806111943	7.890317810196932	-46.59416806111943	5.7885235118904985				
	5	6	0.0	0.25202	0.0	117.0	117.0	117.0	0.932	0.0	1	-29.999999999999996	29.999999999999996	170.05151361993046	22.05373987993196	-170.05151361993046	54.860782965864274				
	6	11	0.09498	0.1989	0.0	134.0	134.0	134.0	0	0	1	-29.999999999999996	29.999999999999996	-1.5206349653082434	30.64374223611697	2.3753002500468	-28.853966229226053				
	6	12	0.12291	0.25581	0.0	104.0	104.0	104.0	0	0	1	-29.999999999999996	29.999999999999996	60.49813287845722	53.417232084529644	-52.84553614127574	-37.4900433176401				
	6	13	0.06615	0.13027	0.0	200.99999999999997	200.99999999999997	200.99999999999997	0	0	1	-29.999999999999996	29.999999999999996	72.1333541642145	42.32355246852362	-67.71053712604423	-33.61364505261364				
	7	8	0.0	0.17615	0.0	167.0	167.0	167.0	0	0	1	-29.999999999999996	29.999999999999996	0.0	-27.591453374221498	0.0	29.05387274486564				
	7	9	0.0	0.11001	0.0	267.0	267.0	267.0	0	0	1	-29.999999999999996	29.999999999999996	82.24094000435736	13.540531119079965	-82.24094000435736	-5.206319757991775				
	9	10	0.03181	0.0845	0.0	325.0	325.0	325.0	0	0	1	-29.999999999999996	29.999999999999996	47.90990342515038	-3.4282628582466486	-47.09115304515436	5.603189205610886				
	9	14	0.12711	0.27038	0.0	99.0	99.0	99.0	0	0	1	-29.999999999999996	29.999999999999996	44.32533748492606	-0.3323166263243604	-41.539040310879535	6.259144019280807				
	10	11	0.08205	0.19207	0.0	141.0	141.0	141.0	0	0	1	-29.999999999999996	29.999999999999996	15.555157866778679	-20.795852246241413	-14.921843393775738	22.278371573842616				
	12	13	0.22092	0.19988	0.0	99.0	99.0	99.0	0	0	1	-29.999999999999996	29.999999999999996	-27.233055946380812	-12.110011697214626	30.14346401890915	14.743238048549806				
	13	14	0.17093	0.34802	0.0	76.0	76.0	76.0	0	0	1	-29.999999999999996	29.999999999999996	-8.361242965252808	11.769216677084444	8.778065771313264	-10.920549544543915				
];

%%-----  OPF Data  -----%%
%% cost data
%    1    startup    shutdown    n    x1    y1    ...    xn    yn
%    2    startup    shutdown    n    c(n-1)    ...    c0
mpc.gencost = [
	2	0.0	0.0	2	0.0	0.0
	2	0.0	0.0	2	0.0	0.0
	2	0.0	0.0	2	7.9209510000000005	0.0
	2	0.0	0.0	2	23.269494	0.0
	2	0.0	0.0	2	0.0	0.0
];

mpc.multinetwork = false;

mpc.multiinfrastructure = false;

