%% MATPOWER Case Format : Version 2
function mpc = pglib_opf_case118_ieee
mpc.version = '2';

%%-----  Power Flow Data  -----%%
%% system MVA base
mpc.baseMVA = 100.0;
%% bus data
%    bus_i    type    Pd    Qd    Gs    Bs    area    Vm    Va    baseKV    zone    Vmax    Vmin
mpc.bus = [
	1	2	46.71267736989949	35.60345352641677	0.0	0.0	1	1.0417464447358524	-33.70222086613085	138.0	1	1.06	0.94				
	2	1	29.78571127121594	21.655056347823955	0.0	0.0	1	1.0344324770032907	-33.488423484246596	138.0	1	1.06	0.94				
	3	1	40.916896495927354	21.15258150756847	0.0	0.0	1	1.0408812620094392	-32.57920788549245	138.0	1	1.06	0.94				
	4	2	48.48441717231983	7.0982085773251535	0.0	0.0	1	1.0599999973342666	-28.33631195803674	138.0	1	1.06	0.94				
	5	1	0.0	0.0	0.0	-40.0	1	1.061974181345364	-27.774007428936166	138.0	1	1.06	0.94				
	6	2	48.35158304773412	48.35245973775385	0.0	0.0	1	1.0542780279643205	-31.0126114632375	138.0	1	1.06	0.94				
	7	1	16.941774169512147	10.938094919679548	0.0	0.0	1	1.0499218389344187	-31.70239420264724	138.0	1	1.06	0.94				
	8	2	23.636411487181988	23.636685274958413	0.0	0.0	1	1.0599999864528493	-21.794368069893036	345.0	1	1.06	0.94				
	9	1	0.0	0.0	0.0	0.0	1	1.0697569113657557	-14.113601173456656	345.0	1	1.06	0.94				
	10	2	0.0	0.0	0.0	0.0	1	1.05999999401721	-5.821709167053257	345.0	1	1.06	0.94				
	11	1	44.48784878983831	12.046911840245798	0.0	0.0	1	1.0459676215330236	-31.53006021395964	138.0	1	1.06	0.94				
	12	2	66.9534084945113	17.345328236985267	0.0	0.0	1	1.047029092831727	-32.578984464315056	138.0	1	1.06	0.94				
	13	1	69.06092663275095	14.638607458171727	0.0	0.0	1	1.030612008442065	-33.567865254116654	138.0	1	1.06	0.94				
	14	1	61.00120579433678	11.19705555546374	0.0	0.0	1	1.0359868817014608	-33.9847611050273	138.0	1	1.06	0.94				
	15	2	51.706581149251484	49.783573275391056	0.0	0.0	1	1.0562756211583726	-31.833157918093427	138.0	1	1.06	0.94				
	16	1	16.154083431607052	9.790155199953318	0.0	0.0	1	1.0472273593801953	-31.99302000918607	138.0	1	1.06	0.94				
	17	1	46.21337576560051	28.37224468584616	0.0	0.0	1	1.0662480800457	-29.398503307564745	138.0	1	1.06	0.94				
	18	2	44.78390098098276	25.28344378265956	0.0	0.0	1	1.059999867046259	-31.601916677079128	138.0	1	1.06	0.94				
	19	2	49.86291667223352	0.0	0.0	0.0	1	1.053266764780018	-32.55669291150826	138.0	1	1.06	0.94				
	20	1	67.5746647303544	49.897235801483085	0.0	0.0	1	0.9733364370145277	-36.22344799912122	138.0	1	1.06	0.94				
	21	1	15.148907329767617	0.0	0.0	0.0	1	0.9709958746445816	-36.155765359811454	138.0	1	1.06	0.94				
	22	1	94.25736539362074	12.488146665908008	0.0	0.0	1	0.9695550076230475	-35.15608993640192	138.0	1	1.06	0.94				
	23	1	87.09105700512184	22.863925849596587	0.0	0.0	1	1.0317914543951991	-25.164824803111042	138.0	1	1.06	0.94				
	24	2	71.04567858390264	40.95319889558945	0.0	0.0	1	1.0524925857633272	-25.217228350440898	138.0	1	1.06	0.94				
	25	2	0.0	0.0	0.0	0.0	1	1.06	-14.0377145014698	138.0	1	1.06	0.94				
	26	2	0.0	0.0	0.0	0.0	1	1.0599999925916985	-10.08894399042867	345.0	1	1.06	0.94				
	27	2	34.26210081983763	18.47463148632165	0.0	0.0	1	1.0552733766378106	-28.176891817083686	138.0	1	1.06	0.94				
	28	1	26.979915907780434	26.980373591011382	0.0	0.0	1	1.0349645504952352	-29.92398035670541	138.0	1	1.06	0.94				
	29	1	33.760601564760876	16.22705459228358	0.0	0.0	1	1.0407171017572108	-30.81355933936979	138.0	1	1.06	0.94				
	30	1	0.0	0.0	0.0	0.0	1	1.0373889977573394	-22.328899851664552	345.0	1	1.06	0.94				
	31	2	34.00406768243703	34.004602213408994	0.0	0.0	1	1.0505359324925765	-30.630932419032703	138.0	1	1.06	0.94				
	32	2	55.816396772724616	19.979936208837316	0.0	0.0	1	1.0498395625756616	-29.571292391939696	138.0	1	1.06	0.94				
	33	1	43.20457689688945	27.350020946078878	0.0	0.0	1	1.034597596654452	-30.15865420029039	138.0	1	1.06	0.94				
	34	2	80.92289225976911	0.0	0.0	14.000000000000002	1	1.06	-26.33887796604892	138.0	1	1.06	0.94				
	35	1	22.190819461904816	2.6689469219521387	0.0	0.0	1	1.0599899893391136	-26.502232245287633	138.0	1	1.06	0.94				
	36	2	29.12391074526626	20.56517164871734	0.0	0.0	1	1.0599978205335183	-26.57570982402593	138.0	1	1.06	0.94				
	37	1	0.0	0.0	0.0	-25.0	1	1.063236875217073	-25.59438587866417	138.0	1	1.06	0.94				
	38	1	0.0	0.0	0.0	0.0	1	1.0131927645639005	-20.049906108335815	345.0	1	1.06	0.94				
	39	1	32.56846451865026	32.56730241270097	0.0	0.0	1	1.0379060889467635	-26.82765559404863	138.0	1	1.06	0.94				
	40	2	64.94761593197205	4.671407060825159	0.0	0.0	1	1.0469907769882256	-26.796572845892097	138.0	1	1.06	0.94				
	41	1	50.13294589525707	45.42228578435979	0.0	0.0	1	1.028197007248808	-26.24722484011203	138.0	1	1.06	0.94				
	42	2	63.40903126870258	26.443828117016132	0.0	0.0	1	1.0554955283640097	-22.07182376095076	138.0	1	1.06	0.94				
	43	1	54.54432554124138	8.199559126780139	0.0	0.0	1	1.0129508095377946	-26.737531887902186	138.0	1	1.06	0.94				
	44	1	27.92072779459856	15.284383656860967	0.0	10.0	1	0.9913183576775987	-19.799271218279497	138.0	1	1.06	0.94				
	45	1	64.4922687224873	34.815632538794404	0.0	10.0	1	0.9961562568128889	-15.769422012594386	138.0	1	1.06	0.94				
	46	2	60.65811804408773	25.506048503240013	0.0	10.0	1	1.0387308345134803	-12.27555286163768	138.0	1	1.06	0.94				
	47	1	41.2474117165259	8.530375655885045	0.0	0.0	1	1.0463283504839926	-8.132441365766464	138.0	1	1.06	0.94				
	48	1	38.714451235668626	5.492392064677469	0.0	15.0	1	1.054353759267737	-8.715588468835387	138.0	1	1.06	0.94				
	49	2	47.6939857389607	10.247361104295726	0.0	0.0	1	1.059999998619777	-6.646835522891219	138.0	1	1.06	0.94				
	50	1	42.28185261843231	24.74911672861949	0.0	0.0	1	1.0281448455021396	-9.032634509796521	138.0	1	1.06	0.94				
	51	1	64.21468421180462	0.0	0.0	0.0	1	0.997979182477633	-13.98345042752498	138.0	1	1.06	0.94				
	52	1	59.00589884568773	28.642936461847697	0.0	0.0	1	0.9806438338811281	-15.164985865271516	138.0	1	1.06	0.94				
	53	1	44.2362297142135	7.004972957596293	0.0	0.0	1	1.0075909340817588	-13.573499957918628	138.0	1	1.06	0.94				
	54	2	43.697999525455714	26.708728565259932	0.0	0.0	1	1.0454257540214609	-9.54362230901157	138.0	1	1.06	0.94				
	55	2	52.97046825930749	36.5202436947681	0.0	0.0	1	1.0444077510368714	-9.625847269270803	138.0	1	1.06	0.94				
	56	2	49.478456200338094	5.044812782545433	0.0	0.0	1	1.0436217652296942	-9.730936183880711	138.0	1	1.06	0.94				
	57	1	51.92106318472328	11.739682906391565	0.0	0.0	1	1.0218610268145074	-10.922413181018738	138.0	1	1.06	0.94				
	58	1	78.1385468000724	0.0	0.0	0.0	1	1.0057518740269331	-13.944605850379716	138.0	1	1.06	0.94				
	59	2	91.3803347769506	45.587930779136144	0.0	0.0	1	1.06	-2.1776172728916188	138.0	1	1.06	0.94				
	60	1	68.51431793739273	35.61282966299513	0.0	0.0	1	1.05265088789087	-2.5194970585128895	138.0	1	1.06	0.94				
	61	2	0.0	0.0	0.0	0.0	1	1.0575539209344318	-2.1749770118971576	138.0	1	1.06	0.94				
	62	2	62.26364849003963	5.728756133942477	0.0	0.0	1	1.0538442257396952	-2.287905362641847	138.0	1	1.06	0.94				
	63	1	0.0	0.0	0.0	0.0	1	1.0374669989236913	-1.596965961845548	345.0	1	1.06	0.94				
	64	1	0.0	0.0	0.0	0.0	1	1.0469355978322228	-1.321829103194422	345.0	1	1.06	0.94				
	65	2	0.0	0.0	0.0	0.0	1	1.06	0.07180135502845922	345.0	1	1.06	0.94				
	66	2	55.033713979604535	43.009341944497756	0.0	0.0	1	1.06	3.2811579356057288	138.0	1	1.06	0.94				
	67	1	69.03404769472137	6.42067587663737	0.0	0.0	1	1.0456878508438952	-1.2247266128841596	138.0	1	1.06	0.94				
	68	1	0.0	0.0	0.0	0.0	1	1.049795188510125	-1.1060168703521742	345.0	1	1.06	0.94				
	69	3	0.0	0.0	0.0	0.0	1	1.06	4.105187264628736e-30	138.0	1	1.06	0.94				
	70	2	44.09207524100246	12.352273674350002	0.0	0.0	1	1.0356637948144496	-13.46917875370537	138.0	1	1.06	0.94				
	71	1	0.0	0.0	0.0	0.0	1	1.032286294854432	-15.528439599873181	138.0	1	1.06	0.94				
	72	2	35.016024077578166	24.76430062607053	0.0	0.0	1	1.033599059419264	-22.017600294888258	138.0	1	1.06	0.94				
	73	2	39.80945908313112	3.0553909854808223	0.0	0.0	1	1.0298228831684	-16.513562021728404	138.0	1	1.06	0.94				
