%% MATPOWER Case Format : Version 2
function mpc = pglib_opf_case118_ieee
mpc.version = '2';

%%-----  Power Flow Data  -----%%
%% system MVA base
mpc.baseMVA = 100.0;
%% bus data
%    bus_i    type    Pd    Qd    Gs    Bs    area    Vm    Va    baseKV    zone    Vmax    Vmin
mpc.bus = [
	1	2	35.203388992126314	14.94669768017533	0.0	0.0	1	1.0438950689722315	-74.776246571123	138.0	1	1.06	0.94				
	2	1	42.30045307500081	23.079342066070776	0.0	0.0	1	1.0339793086502063	-74.81789448787269	138.0	1	1.06	0.94				
	3	1	27.80616530062922	6.802042631366806	0.0	0.0	1	1.0468125609212153	-73.88023386943989	138.0	1	1.06	0.94				
	4	2	52.54601642196408	5.847636499307629	0.0	0.0	1	1.0599999995641356	-70.74438942398304	138.0	1	1.06	0.94				
	5	1	0.0	0.0	0.0	-40.0	1	1.0616151672752925	-70.274397884837	138.0	1	1.06	0.94				
	6	2	64.91347529218869	25.910046146841903	0.0	0.0	1	1.050949033900429	-73.52347613399951	138.0	1	1.06	0.94				
	7	1	71.34543543380309	32.809596527289976	0.0	0.0	1	1.0438693559554277	-74.01176515025954	138.0	1	1.06	0.94				
	8	2	53.95653448078289	25.432043084447187	0.0	0.0	1	1.06	-65.27487296461626	345.0	1	1.06	0.94				
	9	1	0.0	0.0	0.0	0.0	1	1.0765587325943138	-60.76416914022134	345.0	1	1.06	0.94				
	10	2	0.0	0.0	0.0	0.0	1	1.059999993409079	-55.82137257152288	345.0	1	1.06	0.94				
	11	1	63.405614511279595	13.078162054863723	0.0	0.0	1	1.0464701351985501	-72.92068511761244	138.0	1	1.06	0.94				
	12	2	58.67212539182548	17.184119449863218	0.0	0.0	1	1.0481646063505006	-73.67219834996001	138.0	1	1.06	0.94				
	13	1	38.532596480501255	23.964498058196025	0.0	0.0	1	1.0319381845034024	-73.02206395230833	138.0	1	1.06	0.94				
	14	1	41.0173456539955	23.911411367230528	0.0	0.0	1	1.0340916163549467	-73.42282204803617	138.0	1	1.06	0.94				
	15	2	53.88643627275721	9.619838106709159	0.0	0.0	1	1.0599999913558271	-69.18585578773657	138.0	1	1.06	0.94				
	16	1	48.22026958886262	24.542477815060586	0.0	0.0	1	1.0339283279237501	-73.01683620797543	138.0	1	1.06	0.94				
	17	1	49.54347783464838	10.557951397266674	0.0	0.0	1	1.0656524888775492	-67.59829642895842	138.0	1	1.06	0.94				
	18	2	28.858088212735648	16.072265043715973	0.0	0.0	1	1.06	-68.6611681457905	138.0	1	1.06	0.94				
	19	2	37.67164285554031	16.87204826857248	0.0	0.0	1	1.0572959287696353	-68.97091638965482	138.0	1	1.06	0.94				
	20	1	41.02876383925791	18.432349685098284	0.0	0.0	1	0.9879591501088026	-70.60985137012551	138.0	1	1.06	0.94				
	21	1	37.68627766367503	25.779651731639557	0.0	0.0	1	0.9592942810603293	-69.99033189470768	138.0	1	1.06	0.94				
	22	1	55.10967913073911	30.174753765632534	0.0	0.0	1	0.9598009495528745	-67.29376995005397	138.0	1	1.06	0.94				
	23	1	55.75661342666469	0.49882205535189234	0.0	0.0	1	1.0387285869605354	-58.679478935349564	138.0	1	1.06	0.94				
	24	2	41.036314351731576	34.651761514488754	0.0	0.0	1	1.06	-53.51086420193442	138.0	1	1.06	0.94				
	25	2	0.0	0.0	0.0	0.0	1	1.06	-54.506496312425604	138.0	1	1.06	0.94				
	26	2	0.0	0.0	0.0	0.0	1	1.06	-53.82206609250968	345.0	1	1.06	0.94				
	27	2	47.298131686228714	29.24711259204249	0.0	0.0	1	1.0495399664924234	-67.73462666187218	138.0	1	1.06	0.94				
	28	1	42.685959952253825	27.26429361854339	0.0	0.0	1	1.0250433262733865	-70.2280044401565	138.0	1	1.06	0.94				
	29	1	61.48627557365786	17.970544475532176	0.0	0.0	1	1.0305348335213937	-71.14299087394889	138.0	1	1.06	0.94				
	30	1	0.0	0.0	0.0	0.0	1	1.0336452264230487	-61.664922482648656	345.0	1	1.06	0.94				
	31	2	55.74591329813736	13.66092549647228	0.0	0.0	1	1.0438760758079775	-70.48115633852915	138.0	1	1.06	0.94				
	32	2	39.41494946123546	10.289576551168865	0.0	0.0	1	1.0483708703047836	-67.80118190449973	138.0	1	1.06	0.94				
	33	1	38.07957604743458	6.8705356292761675	0.0	0.0	1	1.0464697397049698	-65.37480914088859	138.0	1	1.06	0.94				
	34	2	69.73628714126711	10.672898920375557	0.0	14.000000000000002	1	1.06	-59.06657141740362	138.0	1	1.06	0.94				
	35	1	47.30010094262551	20.538849760285434	0.0	0.0	1	1.057569473782276	-59.610668843364415	138.0	1	1.06	0.94				
	36	2	41.36269175921891	12.850127975532605	0.0	0.0	1	1.059999994467526	-59.65365206568299	138.0	1	1.06	0.94				
	37	1	0.0	0.0	0.0	-25.0	1	1.0601588041659145	-58.30916676062274	138.0	1	1.06	0.94				
	38	1	0.0	0.0	0.0	0.0	1	0.994864589890112	-53.41697689602252	345.0	1	1.06	0.94				
	39	1	44.299509154953114	41.87355644875675	0.0	0.0	1	1.040122038262196	-57.41022347316553	138.0	1	1.06	0.94				
	40	2	41.39150121310216	14.489783912656781	0.0	0.0	1	1.06	-55.88160234575981	138.0	1	1.06	0.94				
	41	1	41.56040125233252	21.35332843472649	0.0	0.0	1	1.0471006515865386	-54.43945821701595	138.0	1	1.06	0.94				
	42	2	27.41614392358569	9.770259038224076	0.0	0.0	1	1.06	-47.91277211511814	138.0	1	1.06	0.94				
	43	1	24.09079086474125	16.256814794478906	0.0	0.0	1	1.0070332851240391	-54.93955046084107	138.0	1	1.06	0.94				
	44	1	45.05980341147248	11.75056617333247	0.0	10.0	1	0.9889722673089256	-45.41740563820562	138.0	1	1.06	0.94				
	45	1	48.87227051381908	34.488682180011516	0.0	10.0	1	1.001065867213264	-39.528782271229865	138.0	1	1.06	0.94				
	46	2	47.31494264912769	32.84100960763379	0.0	10.0	1	1.06	-34.9475065622707	138.0	1	1.06	0.94				
	47	1	65.28267972905219	10.66236277744713	0.0	0.0	1	1.0322723576205557	-28.86281151902378	138.0	1	1.06	0.94				
	48	1	66.40308167149384	13.531300874816793	0.0	15.0	1	1.0522171673405252	-32.45746326495045	138.0	1	1.06	0.94				
	49	2	52.42973308960119	9.956543468267745	0.0	0.0	1	1.06	-30.000000480084275	138.0	1	1.06	0.94				
	50	1	29.330212065240264	24.222464329873645	0.0	0.0	1	1.034627989732087	-32.91458249547872	138.0	1	1.06	0.94				
	51	1	40.244342738513986	26.34748804173388	0.0	0.0	1	1.0039265679905605	-37.25711978817547	138.0	1	1.06	0.94				
	52	1	55.518243888889984	0.6668636083180295	0.0	0.0	1	0.9972935148480668	-38.965054663735756	138.0	1	1.06	0.94				
	53	1	33.72722539293021	30.56983490863488	0.0	0.0	1	1.0070967003868179	-38.41589129962163	138.0	1	1.06	0.94				
	54	2	47.63108710943838	4.390486648791912	0.0	0.0	1	1.0564182419429025	-36.184961364194	138.0	1	1.06	0.94				
	55	2	59.49712563675339	8.95771822603139	0.0	0.0	1	1.0599999555760349	-36.420365084775895	138.0	1	1.06	0.94				
	56	2	65.9269842535242	22.06208354367005	0.0	0.0	1	1.0577199625124847	-36.373900409331874	138.0	1	1.06	0.94				
	57	1	58.65390564972295	3.853112977438015	0.0	0.0	1	1.0354275221874985	-36.67390031445526	138.0	1	1.06	0.94				
	58	1	48.671676374436245	14.381791127717825	0.0	0.0	1	1.0147115686563823	-37.873697337448014	138.0	1	1.06	0.94				
	59	2	58.40102132732885	16.995531396553844	0.0	0.0	1	1.06	-30.12714128134381	138.0	1	1.06	0.94				
	60	1	68.79066138080209	7.3536794828652665	0.0	0.0	1	1.056052713301965	-26.303011426023954	138.0	1	1.06	0.94				
	61	2	0.0	0.0	0.0	0.0	1	1.0599999992475373	-25.5697032701314	138.0	1	1.06	0.94				
	62	2	64.87235481164393	26.29272562970277	0.0	0.0	1	1.0480178654808274	-25.908493573080534	138.0	1	1.06	0.94				
	63	1	0.0	0.0	0.0	0.0	1	1.0356062107540522	-27.20426431422226	345.0	1	1.06	0.94				
	64	1	0.0	0.0	0.0	0.0	1	1.0471317554184276	-25.648446186639745	345.0	1	1.06	0.94				
	65	2	0.0	0.0	0.0	0.0	1	1.06	-23.416976329422802	345.0	1	1.06	0.94				
	66	2	285.70006600029996	60.78388096267886	0.0	0.0	1	1.06	-22.022249591360374	138.0	1	1.06	0.94				
	67	1	35.72866686880587	8.23860705728434	0.0	0.0	1	1.0469512635398632	-24.793402005867666	138.0	1	1.06	0.94				
	68	1	0.0	0.0	0.0	0.0	1	0.9675003799007073	-17.35067779627023	345.0	1	1.06	0.94				
	69	3	0.0	0.0	0.0	0.0	1	1.06	-1.9983015018409043e-32	138.0	1	1.06	0.94				
	70	2	42.25705514091682	4.135042391265831	0.0	0.0	1	1.06	-23.510863646894546	138.0	1	1.06	0.94				
	71	1	0.0	0.0	0.0	0.0	1	1.055747539244135	-27.022644206522997	138.0	1	1.06	0.94				
	72	2	32.84457359954491	24.377834212270706	0.0	0.0	1	1.06	-41.862708259441455	138.0	1	1.06	0.94				
	73	2	29.0746975225247	9.381311249501753	0.0	0.0	1	1.06	-27.768016096825374	138.0	1	1.06	0.94				
	74	2	57.92667585702817	8.298599546332436	0.0	12.0	1	1.0599997943924466	-22.48036307487115	138.0	1	1.06	0.94				
