%% MATPOWER Case Format : Version 2
function mpc = pglib_opf_case14_ieee
mpc.version = '2';

%%-----  Power Flow Data  -----%%
%% system MVA base
mpc.baseMVA = 100.0;
%% bus data
%    bus_i    type    Pd    Qd    Gs    Bs    area    Vm    Va    baseKV    zone    Vmax    Vmin
mpc.bus = [
	1	3	0.0	0.0	0.0	0.0	1	1.0034897494739423	0.0	1.0	1	1.06	0.94				
	2	2	36.71813295525928	9.33577397825881	0.0	0.0	1	1.0046452242890602	-6.792549388613535	1.0	1	1.06	0.94				
	3	2	11.390403281066657	6.036164249510366	0.0	0.0	1	1.0019287910140828	-10.74151715625834	1.0	1	1.06	0.94				
	4	1	10.484540176985584	1.5870142789453332	0.0	0.0	1	0.9586646441121158	-12.285438542868809	1.0	1	1.06	0.94				
	5	1	35.44326186229198	9.15687789878111	0.0	0.0	1	0.9533105857224841	-11.678288828629288	1.0	1	1.06	0.94				
	6	2	28.434534076352435	6.720603949237381	0.0	0.0	1	1.0090500999183882	-23.242313835102184	1.0	1	1.06	0.94				
	7	1	0.0	0.0	0.0	0.0	1	0.9869175686825932	-18.74754775063562	1.0	1	1.06	0.94				
	8	2	0.0	0.0	0.0	0.0	1	1.0040658308677826	-18.74754775063562	1.0	1	1.06	0.94				
	9	1	41.874639524923595	16.58186460160366	0.0	19.0	1	0.9847142414324022	-22.12632170523078	1.0	1	1.06	0.94				
	10	1	24.153160310716355	0.941721204488764	0.0	0.0	1	0.9758095010726427	-23.32551199572837	1.0	1	1.06	0.94				
	11	1	27.707821897070538	10.523385622379367	0.0	0.0	1	0.9586670733150682	-25.91549138810078	1.0	1	1.06	0.94				
	12	1	13.757674556975802	0.7618489078970057	0.0	0.0	1	0.9902678949538104	-24.666713452142858	1.0	1	1.06	0.94				
	13	1	5.553133820958793	0.014505429590344534	0.0	0.0	1	0.9946382999375466	-24.147313030299568	1.0	1	1.06	0.94				
	14	1	20.77941832719191	3.1504793133293325	0.0	0.0	1	0.9679558771797578	-24.763717624148303	1.0	1	1.06	0.94				
];

%% generator data
%    bus    Pg    Qg    Qmax    Qmin    Vg    mBase    status    Pmax    Pmin    Pc1    Pc2    Qc1min    Qc1max    Qc2min    Qc2max    ramp_agc    ramp_10    ramp_30    ramp_q    apf
mpc.gen = [
	1	274.1564528985683	-45.8678863853887	10.0	0.0	1.0034897494739423	100.0	1	340.0	0.0															
	2	0.0	92.82893992836905	30.0	-30.0	1.0046452242890602	100.0	1	59.0	0.0															
	3	0.0	27.91393418843399	40.0	0.0	1.0019287910140828	100.0	1	0.0	0.0															
	6	0.0	28.292473617282955	24.0	-6.0	1.0090500999183882	100.0	1	0.0	0.0															
	8	0.0	9.77461488426522	24.0	-6.0	1.0040658308677826	100.0	1	0.0	0.0															
];

%% branch data
%    f_bus    t_bus    r    x    b    rateA    rateB    rateC    ratio    angle    status    angmin    angmax
mpc.branch = [
	1	2	0.01938	0.05917	0.0528	472.0	472.0	472.0	0	0	1	-29.999999999999996	29.999999999999996	184.95328637382795	-53.23671570209273	-177.87754896466046	69.51694443447279				
	1	5	0.05403	0.22304	0.0492	128.0	128.0	128.0	0	0	1	-29.999999999999996	29.999999999999996	89.20316652474037	7.368829316704032	-84.88172710307435	5.757555176829913				
	2	3	0.04699	0.19797	0.0438	145.0	145.0	145.0	0	0	1	-29.999999999999996	29.999999999999996	33.7294973313452	-7.630707012481984	-33.18615601583398	5.510967450423638				
	2	4	0.05811	0.17632	0.034	158.0	158.0	158.0	0	0	1	-29.999999999999996	29.999999999999996	55.69796917187563	8.635028714952467	-53.85019104028369	-6.306611300202893				
	2	5	0.05695	0.17388	0.0346	161.0	161.0	161.0	0	0	1	-29.999999999999996	29.999999999999996	51.73194859708944	12.971899813166965	-50.099690491809625	-11.306617576272428				
	3	4	0.06701	0.17103	0.0128	160.0	160.0	160.0	0	0	1	-29.999999999999996	29.999999999999996	21.79575273476732	16.36680248849999	-21.285518421377798	-16.295184069186536				
	4	5	0.01335	0.04211	0.0	664.0	664.0	664.0	0	0	1	-29.999999999999996	29.999999999999996	-17.35081546750811	17.811426488690792	17.440629745659194	-17.528124671990806				
	4	7	0.0	0.20912	0.0	141.0	141.0	141.0	0.978	0.0	1	-29.999999999999996	29.999999999999996	52.06473922546827	-0.19569546552936223	-52.06473922546827	6.095442457064012				
	4	9	0.0	0.55618	0.0	53.0	53.0	53.0	0.969	0.0	1	-29.999999999999996	29.999999999999996	29.937245526715735	3.3990500672826616	-29.937245526715735	1.7593610455881752				
	5	6	0.0	0.25202	0.0	117.0	117.0	117.0	0.932	0.0	1	-29.999999999999996	29.999999999999996	82.09752598693281	13.920309172652209	-82.09752598693281	2.7816715444255333				
	6	11	0.09498	0.1989	0.0	134.0	134.0	134.0	0	0	1	-29.999999999999996	29.999999999999996	28.615686372107074	12.424567387853841	-27.707821897070538	-10.523385622379367				
	6	12	0.12291	0.25581	0.0	104.0	104.0	104.0	0	0	1	-29.999999999999996	29.999999999999996	10.827859370608596	2.3268954623069873	-10.679793819127548	-2.0187297416628636				
	6	13	0.06615	0.13027	0.0	200.99999999999997	200.99999999999997	200.99999999999997	0	0	1	-29.999999999999996	29.999999999999996	14.219446167864694	4.038735273459211	-14.077486869973344	-3.759173100574754				
	7	8	0.0	0.17615	0.0	167.0	167.0	167.0	0	0	1	-29.999999999999996	29.999999999999996	0.0	-9.607675979143732	0.0	9.77461488426522				
	7	9	0.0	0.11001	0.0	267.0	267.0	267.0	0	0	1	-29.999999999999996	29.999999999999996	52.06473922546827	3.5122335220797205	-52.06473922546827	-0.43663485287050763				
	9	10	0.03181	0.0845	0.0	325.0	325.0	325.0	0	0	1	-29.999999999999996	29.999999999999996	24.34834296459317	1.4602038908324695	-24.153160310716355	-0.941721204488764				
	9	14	0.12711	0.27038	0.0	99.0	99.0	99.0	0	0	1	-29.999999999999996	29.999999999999996	15.77900226266725	-0.9412140771942683	-15.451464880492576	1.6379299720286202				
	10	11	0.08205	0.19207	0.0	141.0	141.0	141.0	0	0	0	-29.999999999999996	29.999999999999996								
	12	13	0.22092	0.19988	0.0	99.0	99.0	99.0	0	0	1	-29.999999999999996	29.999999999999996	-3.0778807378482536	1.256880833765858	3.1027815609135003	-1.234351517659242				
	13	14	0.17093	0.34802	0.0	76.0	76.0	76.0	0	0	1	-29.999999999999996	29.999999999999996	5.4215714881010495	4.979019188643651	-5.327953446699333	-4.788409285357953				
];

%%-----  OPF Data  -----%%
%% cost data
%    1    startup    shutdown    n    x1    y1    ...    xn    yn
%    2    startup    shutdown    n    c(n-1)    ...    c0
mpc.gencost = [
	2	0.0	0.0	2	0.0	0.0
	2	0.0	0.0	2	7.9209510000000005	0.0
	2	0.0	0.0	2	23.269494	0.0
	2	0.0	0.0	2	0.0	0.0
	2	0.0	0.0	2	0.0	0.0
];

mpc.multinetwork = false;

mpc.multiinfrastructure = false;

