%% MATPOWER Case Format : Version 2
function mpc = pglib_opf_case5_pjm
mpc.version = '2';

%%-----  Power Flow Data  -----%%
%% system MVA base
mpc.baseMVA = 100.0;
%% bus data
%    bus_i    type    Pd    Qd    Gs    Bs    area    Vm    Va    baseKV    zone    Vmax    Vmin
mpc.bus = [
	1	2	0.0	0.0	0.0	0.0	1	1.1	3.3328480759768633	230.0	1	1.1	0.9				
	2	1	300.0	98.61	0.0	0.0	1	1.0754511296348321	-2.713118142998645	230.0	1	1.1	0.9				
	3	2	300.0	98.61	0.0	0.0	1	1.088649238801078	-1.1789038341714297	230.0	1	1.1	0.9				
	4	3	400.0	131.47	0.0	0.0	1	1.0880217390985472	-5.4440419474961556e-37	230.0	1	1.1	0.9				
	5	2	0.0	0.0	0.0	0.0	1	1.092392398883488	3.4392193520974126	230.0	1	1.1	0.9				
];

%% generator data
%    bus    Pg    Qg    Qmax    Qmin    Vg    mBase    status    Pmax    Pmin    Pc1    Pc2    Qc1min    Qc1max    Qc2min    Qc2max    ramp_agc    ramp_10    ramp_30    ramp_q    apf
mpc.gen = [
	1	40.0	30.0	30.0	-30.0	1.0	100.0	1	40.0	0.0															
	1	170.0	127.49999999999999	127.49999999999999	-127.49999999999999	1.0	100.0	1	170.0	0.0															
	3	520.0	215.18169232886288	390.0	-390.0	1.0	100.0	1	520.0	0.0															
	4	12.335193831100462	122.57876648815633	150.0	-150.0	1.0	100.0	1	200.0	0.0															
	5	261.65611966398944	-134.96908691507713	450.0	-450.0	1.0	100.0	1	600.0	0.0															
];

%% branch data
%    f_bus    t_bus    r    x    b    rateA    rateB    rateC    ratio    angle    status    angmin    angmax
mpc.branch = [
	1	2	0.00281	0.0281	0.00712	400.0	400.0	400.0	0	0	0	-29.999999999999996	29.999999999999996								
	1	4	0.00304	0.0304	0.00658	426.0	426.0	426.0	0	0	1	-29.999999999999996	29.999999999999996	231.5627858517751	26.446769690709942	-230.19750001296097	-13.58146864946153				
	1	5	0.00064	0.0064	0.03126	426.0	426.0	426.0	0	0	1	-29.999999999999996	29.999999999999996	-21.562783858532118	131.05323168654812	21.658726645721107	-133.8501948132559				
	2	3	0.00108	0.0108	0.01852	426.0	426.0	426.0	0	0	1	-29.999999999999996	29.999999999999996	-300.0	-98.61	300.92923582810647	105.73389565369664				
	3	4	0.00297	0.0297	0.00674	426.0	426.0	426.0	0	0	1	-29.999999999999996	29.999999999999996	-80.92923063796744	10.837796675166251	81.09652634254384	-9.963175263755202				
	4	5	0.00297	0.0297	0.00674	240.0	240.0	240.0	0	0	1	-29.999999999999996	29.999999999999996	-238.5638324984824	14.653410401373055	239.99739301826835	-1.1188921018212057				
];

%%-----  OPF Data  -----%%
%% cost data
%    1    startup    shutdown    n    x1    y1    ...    xn    yn
%    2    startup    shutdown    n    c(n-1)    ...    c0
mpc.gencost = [
	2	0.0	0.0	2	14.0	0.0
	2	0.0	0.0	2	15.0	0.0
	2	0.0	0.0	2	30.0	0.0
	2	0.0	0.0	2	40.0	0.0
	2	0.0	0.0	2	10.0	0.0
];

mpc.multinetwork = false;

%column_names% col_1 col_2 
mpc.areas = {
	1	4
};

mpc.multiinfrastructure = false;

